          positions: [0.0, 0.8203, 0.3316, 0.0, 0.6093, 0.0]
          positions: [0.0, 0.820304748437, 0.331612557879, 0.0, 0.6093, 0.0]
          positions: [0.0, 0.8203504805942768, 0.3316578383123536, 0.0, 0.6093375861770197, -1.5473286296725807e-05]
          positions: [0.0, 0.820665101457335, 0.331969351476604, 0.0, 0.6095961656133978, -0.00012192395424875843]
          positions: [0.0, 0.8215025134972398, 0.3327984918959537, 0.0, 0.610284414737089, -0.00040525885496851073]
          positions: [0.0, 0.8231005744430561, 0.33438076783613624, 0.0, 0.6115978231825759, -0.0009459561674629924]
          positions: [0.0, 0.8256814315473072, 0.3369361322681352, 0.0, 0.6137189685157324, -0.0018191784959693395]
          positions: [0.0, 0.8294518558514321, 0.3406693138319015, 0.0, 0.616817790958688, -0.0030948859672903424]
          positions: [0.0, 0.8346035764512448, 0.3457701478000721, 0.0, 0.6210518681146917, -0.0048379493281299766]
          positions: [0.0, 0.8413136147623923, 0.35241390704168746, 0.0, 0.626566689692976, -0.007108263042428935]
          positions: [0.0, 0.8497446187858128, 0.36076163298591035, 0.0, 0.633495932233621, -0.009960858388700146]
          positions: [0.0, 0.8600451973731935, 0.3709604665857434, 0.0, 0.641961733832418, -0.013446016557364313]
          positions: [0.0, 0.872350254492431, 0.3831439792817474, 0.0, 0.6520749688657344, -0.017609381748085438]
          positions: [0.0, 0.886781323493087, 0.39743250396575946, 0.0, 0.6639355227153766, -0.02249207426710638]
          positions: [0.0, 0.9034469013718482, 0.4139334659446109, 0.0, 0.6776325664934549, -0.02813080362458432]
          positions: [0.0, 0.9224427830379845, 0.4327417139038456, 0.0, 0.6932448317672474, -0.034557981631926325]
          positions: [0.0, 0.9438523955788072, 0.45393985087143773, 0.0, 0.7108408852840631, -0.041801835499124924]
          positions: [0.0, 0.967747132525127, 0.4775985651815103, 0.0, 0.7304794036961072, -0.04988652093209358]
          positions: [0.0, 0.9941866881167125, 0.5037769614380531, 0.0, 0.7522094482853443, -0.05883223523000218]
          positions: [0.0, 1.0232193915677494, 0.5325228914786404, 0.0, 0.7760707396883628, -0.06865533038261272]
          positions: [0.0, 1.0548825413322973, 0.5638732853381494, 0.0, 0.8020939326212385, -0.0793684261676146]
          positions: [0.0, 1.0892027393697497, 0.5978544822124787, 0.0, 0.8303008906043988, -0.09098052324796041]
          positions: [0.0, 1.1261962254102906, 0.6344825614222656, 0.0, 0.8607049606874871, -0.10349711626920124]
          positions: [0.0, 1.1658692112203544, 0.6737636733766045, 0.0, 0.8933112481742261, -0.1169203069568223]
          positions: [0.0, 1.2082182148680836, 0.7156943705367657, 0.0, 0.9281168913472824, -0.13124891721357868]
          positions: [0.0, 1.2532303949887864, 0.760261938379912, 0.0, 0.9651113361931303, -0.14647860221683026]
          positions: [0.0, 1.3008838850503968, 0.8074447263628184, 0.0, 1.004276611126916, -0.16260196351587797]
          positions: [0.0, 1.3511481276189303, 0.8572124788855888, 0.0, 1.0455876017173207, -0.17960866212929877]
          positions: [0.0, 1.403984208623946, 0.9095266662553751, 0.0, 1.089012325411426, -0.19748553164228136]
          positions: [0.0, 1.4593451916240023, 0.9643408156500949, 0.0, 1.134512206259577, -0.2162166913039621]
          positions: [0.0, 1.5171764520721136, 1.0216008420821507, 0.0, 1.1820423496402468, -0.23578365912475982]
          positions: [0.0, 1.5774160115812133, 1.0812453793621442, 0.0, 1.2315518169848991, -0.2561654649737116]
          positions: [0.0, 1.6399948721896085, 1.1432061110625993, 0.0, 1.2829839005028556, -0.27733876367580906]
          positions: [0.0, 1.7048373506264396, 1.2074081014816787, 0.0, 1.3362763979061556, -0.29927794810933234]
          positions: [0.0, 1.7718614125771386, 1.2737701266068986, 0.0, 1.3913618871344238, -0.32195526230318716]
          positions: [0.0, 1.840979006948887, 1.3422050050788523, 0.0, 1.4481680010797309, -0.34534091453423954]
          positions: [0.0, 1.9120964001360754, 1.4126199291549233, 0.0, 1.5066177023114617, -0.3694031904246516]
          positions: [0.0, 1.9851145102857595, 1.4849167956730072, 0.0, 1.5666295578011746, -0.3941085660392166]
          positions: [0.0, 2.0599292415631214, 1.5589925370152269, 0.0, 1.628118013647469, -0.4194218209826953]
          positions: [0.0, 2.1364318184169253, 1.6347394520716525, 0.0, 1.6909936698008492, -0.4453061514971509]
          positions: [0.0, 2.214509119844978, 1.7120455372040204, 0.0, 1.7551635547885844, -0.4717232835592849]
          positions: [0.0, 2.294044013659584, 1.7907948172094468, 0.0, 1.8205314004395785, -0.4986335859777719]
          positions: [0.0, 2.3749156907530096, 1.8708676762841514, 0.0, 1.8869979166092292, -0.5259961834905962]
          positions: [0.0, 2.4569999993629343, 1.952141188987172, 0.0, 1.954461065904297, -0.5537690698623869]
          positions: [0.0, 2.540169779337915, 2.0344894512040836, 0.0, 2.0228163384077624, -0.5819092209817527]
          positions: [0.0, 2.6242951964028385, 2.117783911110715, 0.0, 2.091957026403696, -0.6103727079586183]
          positions: [0.0, 2.7092440764243886, 2.201893700136872, 0.0, 2.1617744991021217, -0.6391148102215605]
          positions: [0.0, 2.794882239676494, 2.28668596393005, 0.0, 2.232158477363876, -0.6680901286151422]
          positions: [0.0, 2.881073835105793, 2.3720261933191513, 0.0, 2.3029973084254785, -0.6972526984972481]
          positions: [0.0, 2.967681674597094, 2.4577785552782103, 0.0, 2.374178240623991, -0.726556102836422]
          positions: [0.0, 3.0545675672388244, 2.5438062238901034, 0.0, 2.4455876981218827, -0.7559535853092001]
          positions: [0.0, 3.1415926535885, 2.629971711310273, 0.0, 2.5171115556318964, -0.7853981633974484]
          positions: [0.0, 3.2286177399381755, 2.716137198730443, 0.0, 2.58863541314191, -0.8148427414856965]
          positions: [0.0, 3.3155036325799063, 2.8021648673423356, 0.0, 2.660044870639802, -0.8442402239584749]
          positions: [0.0, 3.402111472071205, 2.8879172293013933, 0.0, 2.731225802838313, -0.8735436282976481]
          positions: [0.0, 3.488303067500505, 2.9732574586904947, 0.0, 2.8020646338999153, -0.9027061981797542]
          positions: [0.0, 3.5739412307526117, 3.058049722483672, 0.0, 2.872448612161671, -0.9316815165733355]
          positions: [0.0, 3.658890110774162, 3.1421595115098295, 0.0, 2.942266084860096, -0.9604236188362777]
          positions: [0.0, 3.743015527839085, 3.225453971416462, 0.0, 3.01140677285603, -0.9888871058131438]
          positions: [0.0, 3.8261853078140655, 3.3078022336333754, 0.0, 3.0797620453594963, -1.0170272569325096]
          positions: [0.0, 3.90826961642399, 3.3890757463363945, 0.0, 3.1472251946545624, -1.0448001433043002]
          positions: [0.0, 3.9891412935174153, 3.4691486054110996, 0.0, 3.2136917108242136, -1.0721627408171244]
          positions: [0.0, 4.06867618733202, 3.547897885416525, 0.0, 3.2790595564752065, -1.0990730432356117]
          positions: [0.0, 4.1467534887600745, 3.625203970548893, 0.0, 3.3432294414629427, -1.1254901752977453]
          positions: [0.0, 4.223256065613878, 3.7009508856053195, 0.0, 3.4061050976163227, -1.1513745058122011]
          positions: [0.0, 4.298070796891242, 3.7750266269475383, 0.0, 3.467593553462616, -1.17668776075568]
          positions: [0.0, 4.371088907040926, 3.847323493465622, 0.0, 3.5276054089523297, -1.201393136370245]
          positions: [0.0, 4.442206300228113, 3.917738417541693, 0.0, 3.5860551101840605, -1.2254554122606567]
          positions: [0.0, 4.51132389459986, 3.986173296013645, 0.0, 3.6428612241293683, -1.248841064491709]
          positions: [0.0, 4.5783479565505605, 4.052535321138867, 0.0, 3.6979467133576347, -1.2715183786855635]
          positions: [0.0, 4.643190434987392, 4.116737311557944, 0.0, 3.751239210760935, -1.293457563119087]
          positions: [0.0, 4.705769295595786, 4.178698043258402, 0.0, 3.802671294278891, -1.3146308618211846]
          positions: [0.0, 4.766008855104888, 4.238342580538395, 0.0, 3.8521807616235453, -1.3350126676701368]
          positions: [0.0, 4.823840115552996, 4.295602606970452, 0.0, 3.8997109050042154, -1.354579635490934]
          positions: [0.0, 4.879201098553054, 4.350416756365171, 0.0, 3.9452107858523675, -1.3733107951526144]
          positions: [0.0, 4.932037179558068, 4.402730943734962, 0.0, 3.9886355095464703, -1.3911876646655976]
          positions: [0.0, 4.982301422126604, 4.452498696257729, 0.0, 4.0299465001368775, -1.4081943632790184]
          positions: [0.0, 5.029954912188215, 4.499681484240635, 0.0, 4.069111775070665, -1.4243177245780658]
          positions: [0.0, 5.074967092308915, 4.544249052083781, 0.0, 4.106106219916511, -1.4395474095813174]
          positions: [0.0, 5.117316095956648, 4.5861797492439464, 0.0, 4.140911863089568, -1.453876019838075]
          positions: [0.0, 5.156989081766708, 4.625460861198283, 0.0, 4.173518150576306, -1.4672992105256952]
          positions: [0.0, 5.193982567807248, 4.66208894040807, 0.0, 4.203922220659396, -1.4798158035469364]
          positions: [0.0, 5.228302765844701, 4.696070137282399, 0.0, 4.2321291786425554, -1.4914279006272815]
          positions: [0.0, 5.25996591560925, 4.727420531141908, 0.0, 4.258152371575429, -1.5021409964122832]
          positions: [0.0, 5.288998619060287, 4.756166461182493, 0.0, 4.282013662978448, -1.5119640915648924]
          positions: [0.0, 5.315438174651874, 4.782344857439037, 0.0, 4.303743707567689, -1.5209098058628032]
          positions: [0.0, 5.339332911598195, 4.806003571749109, 0.0, 4.32338222597973, -1.528994491295772]
          positions: [0.0, 5.3607425241390185, 4.827201708716702, 0.0, 4.34097827949655, -1.5362383451629693]
          positions: [0.0, 5.379738405805149, 4.846009956675939, 0.0, 4.356590544770336, -1.542665523170312]
          positions: [0.0, 5.396403983683916, 4.862510918654786, 0.0, 4.370287588548415, -1.5483042525277906]
          positions: [0.0, 5.410835052684568, 4.8767994433388, 0.0, 4.382148142398057, -1.5531869450468117]
          positions: [0.0, 5.423140109803814, 4.888982956034802, 0.0, 4.392261377431375, -1.5573503102375312]
          positions: [0.0, 5.433440688391194, 4.8991817896346355, 0.0, 4.4007271790301665, -1.5608354684061974]
          positions: [0.0, 5.441871692414612, 4.9075295155788545, 0.0, 4.407656421570815, -1.5636880637524682]
          positions: [0.0, 5.44858173072576, 4.914173274820467, 0.0, 4.413171243149101, -1.5659583774667665]
          positions: [0.0, 5.453733451325565, 4.919274108788638, 0.0, 4.417405320305097, -1.5677014408276078]
          positions: [0.0, 5.457503875629694, 4.923007290352405, 0.0, 4.420504142748051, -1.568977148298928]
          positions: [0.0, 5.46008473273395, 4.925562654784411, 0.0, 4.422625288081214, -1.5698503706274352]
          positions: [0.0, 5.46168279367976, 4.927144930724587, 0.0, 4.423938696526697, -1.5703910679399282]
          positions: [0.0, 5.462520205719667, 4.927974071143943, 0.0, 4.424626945650395, -1.5706744028406483]
          positions: [0.0, 5.462834826582721, 4.928285584308188, 0.0, 4.4248855250867685, -1.570780853508598]
          positions: [0.0, 5.46288055874, 4.928330864741547, 0.0, 4.424923111263793, -1.5707963267948966]
          positions: [-1.6327922990338943, 1.4825790495854294, 4.338381187229967, -0.30516422008567723, 4.476648997353744, 1.5533942278929354]
          positions: [-1.6201892395816015, 1.4502762162664475, 4.208111411628728, -0.30467126572312014, 4.38131699660713, 1.579269334536448]
          positions: [-1.6075861801293088, 1.4179733829474657, 4.07784163602749, -0.30417831136056306, 4.285984995860515, 1.6051444411799605]
          positions: [-1.5949831206770162, 1.385670549628484, 3.947571860426251, -0.30368535699800603, 4.190652995113901, 1.631019547823473]
          positions: [-1.5823800612247234, 1.3533677163095021, 3.8173020848250125, -0.30319240263544894, 4.095320994367286, 1.6568946544669856]
          positions: [0.0, 0.8494118341503831, 0.45493455979181313, 0.0, 0.7155849933176751, 1.5707963267948966]
          positions: [-0.03895749911881529, 0.8457631747944742, 0.4420596143179904, 0.023329198246272154, 0.7119291718521769, 1.5770075378229718]
          positions: [-0.07930014712699061, 0.8414419275301107, 0.43026096281355775, 0.04890859233982078, 0.7102902850186672, 1.584657237982948]
          positions: [-0.12094616320640027, 0.836319520190342, 0.41961362138062347, 0.0764632982417401, 0.7109183059488059, 1.5935027390740524]
          positions: [-0.16378778492517507, 0.8302709978427527, 0.41019281470297325, 0.10562279192396037, 0.7140507666453748, 1.6032066590061187]
          positions: [-0.20769146270970956, 0.8231813951007695, 0.4020715907041463, 0.1359331681529376, 0.7198967869944054, 1.6133486917822166]
          positions: [-0.2524981363218687, 2.35976321604417, 5.8878672224459905, 3.030665310127954, 1.6135057660139467, 4.644775004092269]
          positions: [-0.2980275300221003, 2.3426401680735047, 5.893192075466174, 3.008556679486029, 1.5864539785977907, 4.629699430137155]
          positions: [-0.34407679041260497, 2.3262553396226804, 5.897038512952253, 2.985724014904958, 1.5619174199681733, 4.613910541881048]
          positions: [-0.39042967019474517, 2.310804943776016, 5.89936953714006, 2.962351312865644, 1.5401444682977756, 4.597661092967876]
          positions: [-0.4368597085574324, 2.2964534730725177, 5.9001635141981765, 2.93864922219331, 1.521316203929201, 4.581241874775522]
          positions: [-0.4831369231965608, 2.283326154707349, 5.899415414155689, 2.9148473587472834, 1.5055359069176342, 4.564967081195167]
          positions: [-0.5290343092544975, 2.271503670918095, 5.8971371872520395, 2.8911846817892797, 1.4928237875551291, 4.549157456439946]
          positions: [-0.5743341652995223, 2.2610203444112864, 5.893357135476015, 2.867898681952001, 1.4831183663549998, 4.5341226390208575]
          positions: [-0.6188338143374003, 2.2518658082442182, 5.88811836040469, 2.8452147644678907, 1.476284141324179, 4.52014479524617]
          positions: [-0.6623503612249415, 2.2439896911970765, 5.881476482788364, 2.8233371334896673, 1.4721242725054227, 4.507465372557176]
          positions: [-0.7047242411197399, 2.2373084954628424, 5.873496900942316, 2.8024421200252823, 1.4703964231822912, 4.496276180418889]
          positions: [-0.7458214458135686, 2.231713682258251, 5.864251873770617, 2.7826743771911926, 1.4708297204861083, 4.4867152166441855]
          positions: [-0.7855344440696106, 2.2270800113872427, 5.853817685219801, 2.764145852224508, 1.473141004568035, 4.478866915541564]
          positions: [-0.8237819201315042, 2.2232733539840375, 5.842272085966622, 2.746937061052884, 1.4770490000723084, 4.472765961550477]
          positions: [-0.8605075301114574, 2.220157443758223, 5.829692134476507, 2.731099994063567, 1.4822856089219123, 4.468403552524446]
          positions: [-0.8956779155671126, 2.217599285652375, 5.816152489683512, 2.7166619589125367, 1.4886040541497305, 4.4657349864689575]
          positions: [-0.9292802204296473, 2.2154731562919605, 5.8017241517629845, 2.703629764544045, 1.495784016663603, 4.464687608179162]
          positions: [-0.961319338919544, 2.2136632860623346, 5.78647360971447, 2.6919938070483242, 1.5036341705591525, 4.465168399119643]
          positions: [-0.9918150872873271, 2.2120654057779365, 5.7704623338302685, 2.6817317810333767, 1.5119926485854704, 4.467070752533524]
          positions: [-1.0207994497482868, 2.210587381366844, 5.753746544072796, 2.6728118785893744, 1.520725989564787, 4.470280200234171]
          positions: [-1.0483140057730747, 2.2091491623500885, 5.736377187607084, 2.6651954390541692, 1.5297270713984272, 4.474679027777611]
          positions: [-1.0744076066110675, 2.2076822487198275, 5.7184000663190195, 2.6588390770679093, 1.5389124498857112, 4.480149828435554]
          positions: [-1.0991343362111963, 2.206128847921378, 5.69985606507597, 2.6536963505130933, 1.5482194291890075, 4.486578112301197]
          positions: [-1.1225517663988651, 2.204440857501928, 5.680781441752072, 2.6497190428734063, 1.5576031000289052, 4.493854116254111]
          positions: [-1.144719498065086, 2.202578774736302, 5.661208149467014, 2.6468581341517243, 1.5670335045302992, 4.5018739656287545]
          positions: [-1.1656979682772244, 2.2005106048942094, 5.641164169525257, 2.645064526991138, 1.5764930250497318, 4.510540328788644]
          positions: [-1.1855474963840096, 2.198210815767754, 5.620673840054404, 2.644289584341801, 1.585974048105516, 4.51976268832906]
          positions: [-1.204327539209786, 2.195659367479754, 5.599758170378671, 2.644485524126455, 1.5954769216036033, 4.529457332855112]
          positions: [-1.2220961250747457, 2.1928408329328786, 5.578435134953326, 2.645605706635332, 1.6050082016859435, 4.539547153172585]
          positions: [-1.2389094377857828, 2.1897436145594087, 5.556719943440035, 2.6476048421504124, 1.6145791717750617, 4.549961308535007]
          positions: [-1.2548215243081273, 2.186359256604088, 5.534625285383337, 2.650439139222566, 1.624204609133658, 4.560634813667651]
          positions: [-1.2698841026223797, 2.1826818479320544, 5.51216154933103, 2.654066409525162, 1.633901770387543, 4.571508083135728]
          positions: [-1.2841464496450683, 2.178707508227742, 5.489337016968747, 2.6584461403039805, 1.6436895679364913, 4.582526460759686]
          positions: [-1.2976553519096403, 2.174433949010907, 5.466158033444178, 2.6635395433919844, 1.6535879092849177, 4.593639752218149]
          positions: [-1.3104551046958286, 2.169860100788964, 5.442629155238597, 2.669309586916397, 1.6636171744283186, 4.604801773712097]
          positions: [-1.32258754775144, 2.1649857978100444, 5.418753277072199, 2.675721014510088, 1.6737978089419057, 4.6159699243254]
          positions: [-1.3340921279686162, 2.1598115122883668, 5.3945317393041545, 2.6827403556608513, 1.684150012870117, 4.62710478645353]
          positions: [-1.3450059812800874, 2.1543381308352125, 5.369964417189093, 2.69033592989583, 1.694693508991113, 4.638169756002631]
          positions: [-1.355364027618859, 2.148566766357789, 5.345049793209363, 2.6984778469799187, 1.705447375767731, 4.649130702513147]
          positions: [-1.365199074111136, 2.142498599662972, 5.319785013532119, 2.7071380048004907, 1.7164299335005537, 4.659955657817064]
          positions: [-1.3745419227560753, 2.1361347455068396, 5.294165929439482, 2.7162900863478368, 1.7276586734333652, 4.670614531364754]
          positions: [-1.3834214797264262, 2.1294761386256393, 5.268187124379115, 2.725909556959904, 1.7391502219083397, 4.681078849581592]
          positions: [-1.3918648641367481, 2.122523435774091, 5.241841927059589, 2.735973662869237, 1.7509203328467706, 4.691321516490028]
          positions: [-1.399897514690413, 2.1152769303433248, 5.21512241079103, 2.7464614320090766, 1.7629839033189636, 4.701316592553602]
          positions: [-1.407543293068184, 2.1077364765194364, 5.1880193790270805, 2.7573536780023065, 1.7753550079337284, 4.71103908872157]
          positions: [-1.4148245832733182, 2.099901420300264, 5.160522336807147, 2.7686330082692576, 1.788046948755605, 4.72046477261187]
          positions: [-1.4217623864206774, 2.0917705349680396, 5.13261944751879, 2.78028383725115, 1.8010723182867807, 4.729569983730397]
          positions: [-1.428376410671042, 2.0833419588004216, 5.104297474084288, 2.7922924058375864, 1.8144430736601307, 4.738331454692629]
          positions: [-1.4346851561709235, 2.0746131329476887, 5.075541703322381, 2.8046468082337377, 1.828170620836177, 4.746726135339371]
          positions: [-1.44070599497875, 2.065580737467383, 5.0463358518249155, 2.8173370276986027, 1.8422659081237418, 4.754731016566221]
          positions: [-1.4464552460491082, 2.0562406234970774, 5.016661951200872, 2.830354982833302, 1.856739528811875, 4.762322950590514]
          positions: [-1.4519482454069108, 2.0465877394815277, 4.986500209962463, 2.8436945864411824, 1.871601833246064, 4.769478464061873]
          positions: [-1.4571994116920322, 2.0366160491941265, 4.9558288486147095, 2.85735181938641, 1.8868630511044913, 4.776173560178485]
          positions: [-1.4622223072806033, 2.026318439048447, 4.924623903639072, 2.8713248224304206, 1.9025334252128054, 4.782383505398404]
          positions: [-1.4670296952115063, 2.015686611812519, 4.892858994963931, 2.8856140096948484, 1.9186233587736452, 4.7880825957586435]
          positions: [-1.4716335921500296, 2.004710963337682, 4.86050505013754, 2.900222208313191, 1.9351435786400686, 4.793243896784561]
          positions: [-1.476045317629094, 1.9933804382050568, 4.827529976646009, 2.915154829957732, 1.9521053180403307, 4.797838949868547]
          positions: [-1.4802755398031864, 1.9816823592683106, 4.7938982715373735, 2.9304200814476222, 1.9695205232460284, 4.801837436289917]
          positions: [-1.4843343179440662, 1.9696022248238143, 4.7595705545275315, 2.94602922363633, 1.987402090012743, 4.805206787842476]
          positions: [-1.4882311419007106, 1.957123465465098, 4.7245030068177725, 2.961996890423711, 2.0057641373612514, 4.80791173009591]
          positions: [-1.4919749687358401, 1.9442271504232176, 4.688646692579657, 2.9783414833228194, 2.024622328595174, 4.809913740277941]
          positions: [-1.4955742567408072, 1.930891630122354, 4.651946732922677, 2.995085661907198, 2.0439942525843686, 4.811170396241328]
          positions: [-1.4990369970174726, 1.9170920974508494, 4.614341292365284, 3.0122569572583475, 2.0638998826388177, 4.811634585292303]
          positions: [-1.5023707428063149, 1.9028000443468769, 4.5757603241959215, 3.0298885450507207, 2.0843621362598457, 4.811253530934509]
          positions: [-1.505582636728785, 1.8879825819495677, 4.536124001839649, 3.0480202285146154, 2.105407567502654, 4.809967580242887]
          positions: [-1.5086794360980456, 1.872601580554119, 4.495340735634894, 3.0666997013004678, 2.127067235839418, 4.8077086722990465]
          positions: [-1.511667536444521, 1.8566125680008267, 4.453304633816609, 3.0859841895168127, 2.149377813230155, 4.804398375297833]
          positions: [-1.5145529933891342, 1.8399632987826078, 4.409892205743524, 3.10594261651432, 2.172383017806939, 4.799945330286062]
          positions: [-1.5173415429900163, 1.8225918658081761, 4.364958012348013, 3.126658502562231, 2.196135503499466, 4.794241862886276]
          positions: [-1.5200386330126776, 1.8044240416813844, 4.318328581616276, 3.148234041345055, 2.2206994050795696, 4.787159162847949]
          positions: [-1.6327922990338943, 1.4825790495854294, 4.338381187229967, -0.30516422008567723, 4.476648997353744, 1.5533942278929354]
          positions: [-1.6202099469123263, 1.450317125173615, 4.208103594590917, -0.3046688243642512, 4.381322296818151, 1.5792811797897628]
          positions: [-1.6076275947907583, 1.418055200761801, 4.077826001951868, -0.30417342864282515, 4.285995596282559, 1.60516813168659]
          positions: [-1.5950452426691903, 1.385793276349987, 3.9475484093128177, -0.3036780329213991, 4.190668895746966, 1.6310550835834174]
          positions: [-1.5824628905476223, 1.3535313519381726, 3.8172708166737683, -0.30318263719997307, 4.095342195211373, 1.6569420354802449]
