          positions: [0.0, 0.8203, 0.3316, 0.0, 0.6093, 0.0]
          positions: [0.0, 0.820304748437, 0.331612557879, 0.0, 0.6093, 0.0]
          positions: [0.0, 0.8203504805942768, 0.3316578383123536, 0.0, 0.6093375861770197, -1.5473286296725807e-05]
          positions: [0.0, 0.820665101457335, 0.331969351476604, 0.0, 0.6095961656133978, -0.00012192395424875843]
          positions: [0.0, 0.8215025134972398, 0.3327984918959537, 0.0, 0.610284414737089, -0.00040525885496851073]
          positions: [0.0, 0.8231005744430561, 0.33438076783613624, 0.0, 0.6115978231825759, -0.0009459561674629924]
          positions: [0.0, 0.8256814315473072, 0.3369361322681352, 0.0, 0.6137189685157324, -0.0018191784959693395]
          positions: [0.0, 0.8294518558514321, 0.3406693138319015, 0.0, 0.616817790958688, -0.0030948859672903424]
          positions: [0.0, 0.8346035764512448, 0.3457701478000721, 0.0, 0.6210518681146917, -0.0048379493281299766]
          positions: [0.0, 0.8413136147623923, 0.35241390704168746, 0.0, 0.626566689692976, -0.007108263042428935]
          positions: [0.0, 0.8497446187858128, 0.36076163298591035, 0.0, 0.633495932233621, -0.009960858388700146]
          positions: [0.0, 0.8600451973731935, 0.3709604665857434, 0.0, 0.641961733832418, -0.013446016557364313]
          positions: [0.0, 0.872350254492431, 0.3831439792817474, 0.0, 0.6520749688657344, -0.017609381748085438]
          positions: [0.0, 0.886781323493087, 0.39743250396575946, 0.0, 0.6639355227153766, -0.02249207426710638]
          positions: [0.0, 0.9034469013718482, 0.4139334659446109, 0.0, 0.6776325664934549, -0.02813080362458432]
          positions: [0.0, 0.9224427830379845, 0.4327417139038456, 0.0, 0.6932448317672474, -0.034557981631926325]
          positions: [0.0, 0.9438523955788072, 0.45393985087143773, 0.0, 0.7108408852840631, -0.041801835499124924]
          positions: [0.0, 0.967747132525127, 0.4775985651815103, 0.0, 0.7304794036961072, -0.04988652093209358]
          positions: [0.0, 0.9941866881167125, 0.5037769614380531, 0.0, 0.7522094482853443, -0.05883223523000218]
          positions: [0.0, 1.0232193915677494, 0.5325228914786404, 0.0, 0.7760707396883628, -0.06865533038261272]
          positions: [0.0, 1.0548825413322973, 0.5638732853381494, 0.0, 0.8020939326212385, -0.0793684261676146]
          positions: [0.0, 1.0892027393697497, 0.5978544822124787, 0.0, 0.8303008906043988, -0.09098052324796041]
          positions: [0.0, 1.1261962254102906, 0.6344825614222656, 0.0, 0.8607049606874871, -0.10349711626920124]
          positions: [0.0, 1.1658692112203544, 0.6737636733766045, 0.0, 0.8933112481742261, -0.1169203069568223]
          positions: [0.0, 1.2082182148680836, 0.7156943705367657, 0.0, 0.9281168913472824, -0.13124891721357868]
          positions: [0.0, 1.2532303949887864, 0.760261938379912, 0.0, 0.9651113361931303, -0.14647860221683026]
          positions: [0.0, 1.3008838850503968, 0.8074447263628184, 0.0, 1.004276611126916, -0.16260196351587797]
          positions: [0.0, 1.3511481276189303, 0.8572124788855888, 0.0, 1.0455876017173207, -0.17960866212929877]
          positions: [0.0, 1.403984208623946, 0.9095266662553751, 0.0, 1.089012325411426, -0.19748553164228136]
          positions: [0.0, 1.4593451916240023, 0.9643408156500949, 0.0, 1.134512206259577, -0.2162166913039621]
          positions: [0.0, 1.5171764520721136, 1.0216008420821507, 0.0, 1.1820423496402468, -0.23578365912475982]
          positions: [0.0, 1.5774160115812133, 1.0812453793621442, 0.0, 1.2315518169848991, -0.2561654649737116]
          positions: [0.0, 1.6399948721896085, 1.1432061110625993, 0.0, 1.2829839005028556, -0.27733876367580906]
          positions: [0.0, 1.7048373506264396, 1.2074081014816787, 0.0, 1.3362763979061556, -0.29927794810933234]
          positions: [0.0, 1.7718614125771386, 1.2737701266068986, 0.0, 1.3913618871344238, -0.32195526230318716]
          positions: [0.0, 1.840979006948887, 1.3422050050788523, 0.0, 1.4481680010797309, -0.34534091453423954]
          positions: [0.0, 1.9120964001360754, 1.4126199291549233, 0.0, 1.5066177023114617, -0.3694031904246516]
          positions: [0.0, 1.9851145102857595, 1.4849167956730072, 0.0, 1.5666295578011746, -0.3941085660392166]
          positions: [0.0, 2.0599292415631214, 1.5589925370152269, 0.0, 1.628118013647469, -0.4194218209826953]
          positions: [0.0, 2.1364318184169253, 1.6347394520716525, 0.0, 1.6909936698008492, -0.4453061514971509]
          positions: [0.0, 2.214509119844978, 1.7120455372040204, 0.0, 1.7551635547885844, -0.4717232835592849]
          positions: [0.0, 2.294044013659584, 1.7907948172094468, 0.0, 1.8205314004395785, -0.4986335859777719]
          positions: [0.0, 2.3749156907530096, 1.8708676762841514, 0.0, 1.8869979166092292, -0.5259961834905962]
          positions: [0.0, 2.4569999993629343, 1.952141188987172, 0.0, 1.954461065904297, -0.5537690698623869]
          positions: [0.0, 2.540169779337915, 2.0344894512040836, 0.0, 2.0228163384077624, -0.5819092209817527]
          positions: [0.0, 2.6242951964028385, 2.117783911110715, 0.0, 2.091957026403696, -0.6103727079586183]
          positions: [0.0, 2.7092440764243886, 2.201893700136872, 0.0, 2.1617744991021217, -0.6391148102215605]
          positions: [0.0, 2.794882239676494, 2.28668596393005, 0.0, 2.232158477363876, -0.6680901286151422]
          positions: [0.0, 2.881073835105793, 2.3720261933191513, 0.0, 2.3029973084254785, -0.6972526984972481]
          positions: [0.0, 2.967681674597094, 2.4577785552782103, 0.0, 2.374178240623991, -0.726556102836422]
          positions: [0.0, 3.0545675672388244, 2.5438062238901034, 0.0, 2.4455876981218827, -0.7559535853092001]
          positions: [0.0, 3.1415926535885, 2.629971711310273, 0.0, 2.5171115556318964, -0.7853981633974484]
          positions: [0.0, 3.2286177399381755, 2.716137198730443, 0.0, 2.58863541314191, -0.8148427414856965]
          positions: [0.0, 3.3155036325799063, 2.8021648673423356, 0.0, 2.660044870639802, -0.8442402239584749]
          positions: [0.0, 3.402111472071205, 2.8879172293013933, 0.0, 2.731225802838313, -0.8735436282976481]
          positions: [0.0, 3.488303067500505, 2.9732574586904947, 0.0, 2.8020646338999153, -0.9027061981797542]
          positions: [0.0, 3.5739412307526117, 3.058049722483672, 0.0, 2.872448612161671, -0.9316815165733355]
          positions: [0.0, 3.658890110774162, 3.1421595115098295, 0.0, 2.942266084860096, -0.9604236188362777]
          positions: [0.0, 3.743015527839085, 3.225453971416462, 0.0, 3.01140677285603, -0.9888871058131438]
          positions: [0.0, 3.8261853078140655, 3.3078022336333754, 0.0, 3.0797620453594963, -1.0170272569325096]
          positions: [0.0, 3.90826961642399, 3.3890757463363945, 0.0, 3.1472251946545624, -1.0448001433043002]
          positions: [0.0, 3.9891412935174153, 3.4691486054110996, 0.0, 3.2136917108242136, -1.0721627408171244]
          positions: [0.0, 4.06867618733202, 3.547897885416525, 0.0, 3.2790595564752065, -1.0990730432356117]
          positions: [0.0, 4.1467534887600745, 3.625203970548893, 0.0, 3.3432294414629427, -1.1254901752977453]
          positions: [0.0, 4.223256065613878, 3.7009508856053195, 0.0, 3.4061050976163227, -1.1513745058122011]
          positions: [0.0, 4.298070796891242, 3.7750266269475383, 0.0, 3.467593553462616, -1.17668776075568]
          positions: [0.0, 4.371088907040926, 3.847323493465622, 0.0, 3.5276054089523297, -1.201393136370245]
          positions: [0.0, 4.442206300228113, 3.917738417541693, 0.0, 3.5860551101840605, -1.2254554122606567]
          positions: [0.0, 4.51132389459986, 3.986173296013645, 0.0, 3.6428612241293683, -1.248841064491709]
          positions: [0.0, 4.5783479565505605, 4.052535321138867, 0.0, 3.6979467133576347, -1.2715183786855635]
          positions: [0.0, 4.643190434987392, 4.116737311557944, 0.0, 3.751239210760935, -1.293457563119087]
          positions: [0.0, 4.705769295595786, 4.178698043258402, 0.0, 3.802671294278891, -1.3146308618211846]
          positions: [0.0, 4.766008855104888, 4.238342580538395, 0.0, 3.8521807616235453, -1.3350126676701368]
          positions: [0.0, 4.823840115552996, 4.295602606970452, 0.0, 3.8997109050042154, -1.354579635490934]
          positions: [0.0, 4.879201098553054, 4.350416756365171, 0.0, 3.9452107858523675, -1.3733107951526144]
          positions: [0.0, 4.932037179558068, 4.402730943734962, 0.0, 3.9886355095464703, -1.3911876646655976]
          positions: [0.0, 4.982301422126604, 4.452498696257729, 0.0, 4.0299465001368775, -1.4081943632790184]
          positions: [0.0, 5.029954912188215, 4.499681484240635, 0.0, 4.069111775070665, -1.4243177245780658]
          positions: [0.0, 5.074967092308915, 4.544249052083781, 0.0, 4.106106219916511, -1.4395474095813174]
          positions: [0.0, 5.117316095956648, 4.5861797492439464, 0.0, 4.140911863089568, -1.453876019838075]
          positions: [0.0, 5.156989081766708, 4.625460861198283, 0.0, 4.173518150576306, -1.4672992105256952]
          positions: [0.0, 5.193982567807248, 4.66208894040807, 0.0, 4.203922220659396, -1.4798158035469364]
          positions: [0.0, 5.228302765844701, 4.696070137282399, 0.0, 4.2321291786425554, -1.4914279006272815]
          positions: [0.0, 5.25996591560925, 4.727420531141908, 0.0, 4.258152371575429, -1.5021409964122832]
          positions: [0.0, 5.288998619060287, 4.756166461182493, 0.0, 4.282013662978448, -1.5119640915648924]
          positions: [0.0, 5.315438174651874, 4.782344857439037, 0.0, 4.303743707567689, -1.5209098058628032]
          positions: [0.0, 5.339332911598195, 4.806003571749109, 0.0, 4.32338222597973, -1.528994491295772]
          positions: [0.0, 5.3607425241390185, 4.827201708716702, 0.0, 4.34097827949655, -1.5362383451629693]
          positions: [0.0, 5.379738405805149, 4.846009956675939, 0.0, 4.356590544770336, -1.542665523170312]
          positions: [0.0, 5.396403983683916, 4.862510918654786, 0.0, 4.370287588548415, -1.5483042525277906]
          positions: [0.0, 5.410835052684568, 4.8767994433388, 0.0, 4.382148142398057, -1.5531869450468117]
          positions: [0.0, 5.423140109803814, 4.888982956034802, 0.0, 4.392261377431375, -1.5573503102375312]
          positions: [0.0, 5.433440688391194, 4.8991817896346355, 0.0, 4.4007271790301665, -1.5608354684061974]
          positions: [0.0, 5.441871692414612, 4.9075295155788545, 0.0, 4.407656421570815, -1.5636880637524682]
          positions: [0.0, 5.44858173072576, 4.914173274820467, 0.0, 4.413171243149101, -1.5659583774667665]
          positions: [0.0, 5.453733451325565, 4.919274108788638, 0.0, 4.417405320305097, -1.5677014408276078]
          positions: [0.0, 5.457503875629694, 4.923007290352405, 0.0, 4.420504142748051, -1.568977148298928]
          positions: [0.0, 5.46008473273395, 4.925562654784411, 0.0, 4.422625288081214, -1.5698503706274352]
          positions: [0.0, 5.46168279367976, 4.927144930724587, 0.0, 4.423938696526697, -1.5703910679399282]
          positions: [0.0, 5.462520205719667, 4.927974071143943, 0.0, 4.424626945650395, -1.5706744028406483]
          positions: [0.0, 5.462834826582721, 4.928285584308188, 0.0, 4.4248855250867685, -1.570780853508598]
          positions: [0.0, 5.46288055874, 4.928330864741547, 0.0, 4.424923111263793, -1.5707963267948966]
          positions: [3.637484294422046e-07, 2.104666298707883, 1.2475144620239895, -5.196906377992477e-07, 1.1689015492713424, 1.5707959591774554]
          positions: [-0.009608572306665512, 2.1302818984787857, 1.3368785627203004, -0.07185223182729697, 1.22942985268483, 1.4846205882592625]
          positions: [-0.019217508361760463, 2.155897498249689, 1.426242663416611, -0.14370394396395614, 1.2899581560983173, 1.3984452173410695]
          positions: [-0.028826444416855414, 2.181513098020592, 1.5156067641129218, -0.2155556561006153, 1.350486459511805, 1.3122698464228766]
          positions: [-0.03843538047195037, 2.2071286977914952, 1.6049708648092325, -0.2874073682372745, 1.4110147629252925, 1.2260944755046836]
          positions: [-0.04804431652704533, 2.232744297562398, 1.6943349655055433, -0.35925908037393367, 1.4715430663387798, 1.1399191045864907]
          positions: [-0.057653252582140276, 2.258359897333301, 1.783699066201854, -0.4311107925105928, 1.5320713697522674, 1.0537437336682978]
          positions: [-0.06726218863723522, 2.2839754971042043, 1.8730631668981648, -0.502962504647252, 1.592599673165755, 0.9675683627501048]
          positions: [-0.07687112469233018, 2.309591096875107, 1.9624272675944754, -0.5748142167839111, 1.6531279765792424, 0.8813929918319119]
          positions: [-0.08648006074742513, 2.3352066966460105, 2.051791368290786, -0.6466659289205703, 1.71365627999273, 0.795217620913719]
          positions: [-0.09608899680252009, 2.3608222964169134, 2.141155468987097, -0.7185176410572295, 1.7741845834062175, 0.709042249995526]
          positions: [-0.10569793285761504, 2.3864378961878163, 2.2305195696834077, -0.7903693531938887, 1.834712886819705, 0.622866879077333]
          positions: [-0.11530686891270998, 2.4120534959587197, 2.3198836703797183, -0.8622210653305478, 1.8952411902331925, 0.5366915081591401]
          positions: [-0.12491580496780494, 2.4376690957296225, 2.4092477710760294, -0.934072777467207, 1.95576949364668, 0.4505161372409472]
          positions: [-0.1345247410228999, 2.4632846955005254, 2.49861187177234, -1.0059244896038664, 2.0162977970601674, 0.36434076632275425]
          positions: [-0.14413367707799488, 2.4889002952714288, 2.5879759724686506, -1.0777762017405255, 2.076826100473655, 0.2781653954045613]
          positions: [-0.15374261313308982, 2.5145158950423316, 2.6773400731649613, -1.1496279138771845, 2.1373544038871426, 0.19199002448636837]
          positions: [-0.16335154918818476, 2.540131494813235, 2.766704173861272, -1.2214796260138436, 2.19788270730063, 0.10581465356817543]
          positions: [-0.17296048524327973, 2.565747094584138, 2.856068274557583, -1.293331338150503, 2.2584110107141173, 0.019639282649982492]
          positions: [-0.1825694212983747, 2.5913626943550407, 2.945432375253894, -1.3651830502871622, 2.318939314127605, -0.06653608826821045]
          positions: [-0.19217835735346964, 2.616978294125944, 3.0347964759502046, -1.4370347624238213, 2.379467617541093, -0.1527114591864034]
          positions: [-0.2017872934085646, 2.642593893896847, 3.1241605766465153, -1.5088864745604806, 2.43999592095458, -0.23888683010459655]
          positions: [-0.21139622946365955, 2.6682094936677503, 3.213524677342826, -1.5807381866971397, 2.5005242243680676, -0.3250622010227895]
          positions: [-0.2210051655187545, 2.693825093438653, 3.3028887780391365, -1.6525898988337986, 2.561052527781555, -0.411237571940982]
          positions: [-0.23061410157384943, 2.719440693209556, 3.392252878735447, -1.724441610970458, 2.6215808311950424, -0.49741294285917514]
          positions: [-0.2402230376289444, 2.7450562929804594, 3.481616979431758, -1.796293323107117, 2.68210913460853, -0.5835883137773681]
          positions: [-0.24983197368403934, 2.7706718927513623, 3.570981080128069, -1.8681450352437763, 2.7426374380220175, -0.669763684695561]
          positions: [-0.2594409097391343, 2.796287492522265, 3.66034518082438, -1.9399967473804354, 2.803165741435505, -0.755939055613754]
          positions: [-0.26904984579422925, 2.8219030922931685, 3.7497092815206905, -2.0118484595170947, 2.8636940448489927, -0.8421144265319469]
          positions: [-0.27865878184932424, 2.8475186920640714, 3.839073382217001, -2.0837001716537538, 2.9242223482624805, -0.9282897974501398]
          positions: [-0.2882677179044192, 2.8731342918349747, 3.928437482913312, -2.155551883790413, 2.9847506516759674, -1.0144651683683328]
          positions: [-0.2978766539595141, 2.8987498916058776, 4.017801583609623, -2.227403595927072, 3.0452789550894552, -1.1006405392865257]
          positions: [-0.30748559001460907, 2.9243654913767805, 4.107165684305933, -2.299255308063731, 3.1058072585029426, -1.1868159102047187]
          positions: [-0.317094526069704, 2.949981091147684, 4.1965297850022445, -2.37110702020039, 3.16633556191643, -1.2729912811229116]
          positions: [-0.32670346212479895, 2.9755966909185867, 4.285893885698554, -2.442958732337049, 3.2268638653299178, -1.3591666520411045]
          positions: [-0.33631239817989395, 3.00121229068949, 4.375257986394866, -2.5148104444737087, 3.2873921687434056, -1.4453420229592975]
          positions: [-0.3459213342349889, 3.026827890460393, 4.464622087091176, -2.586662156610368, 3.3479204721568925, -1.5315173938774906]
          positions: [-0.3170922700517343, 2.9709482720963996, 4.539086471584304, -2.63290965456779, 3.339460048604511, -1.4126251019595535]
          positions: [-0.28826320586847964, 2.9150686537324066, 4.613550856077432, -2.679157152525212, 3.3309996250521294, -1.2937328100416163]
          positions: [-0.25943414168522505, 2.8591890353684133, 4.68801524057056, -2.725404650482634, 3.3225392014997475, -1.174840518123679]
          positions: [-0.23060507750197043, 2.80330941700442, 4.762479625063688, -2.7716521484400563, 3.314078777947366, -1.0559482262057418]
          positions: [-0.2017760133187158, 2.7474297986404266, 4.836944009556816, -2.8178996463974784, 3.3056183543949844, -0.9370559342878045]
          positions: [-0.1729469491354612, 2.6915501802764332, 4.911408394049943, -2.8641471443549005, 3.297157930842603, -0.8181636423698674]
          positions: [-0.14411788495220657, 2.6356705619124403, 4.9858727785430705, -2.9103946423123226, 3.2886975072902214, -0.6992713504519301]
          positions: [-0.11528882076895197, 2.579790943548447, 5.060337163036198, -2.9566421402697447, 3.28023708373784, -0.580379058533993]
          positions: [-0.08645975658569732, 2.5239113251844536, 5.134801547529326, -3.002889638227167, 3.2717766601854583, -0.4614867666160558]
          positions: [-0.05763069240244273, 2.4680317068204607, 5.209265932022454, -3.049137136184589, 3.2633162366330764, -0.34259447469811843]
          positions: [-0.028801628219188136, 2.4121520884564673, 5.283730316515582, -3.095384634142011, 3.254855813080695, -0.22370218278018128]
          positions: [2.7435964066535245e-05, 2.356272470092474, 5.35819470100871, -3.1416321320994336, 3.2463953895283133, -0.10480989086224403]
          positions: [0.0, 2.356194490192345, 5.358160803622591, 3.141592653589793, 3.246312408709453, -0.10471975511965978]
          positions: [0.0030265726767235044, 2.3526367219317903, 5.32572957757099, 3.140776883207821, 3.275185964446859, -0.10088544043455636]
          positions: [0.005883553945651275, 2.3483304015806596, 5.293096905248598, 3.140282100092721, 3.3035127759505327, -0.09754422104410977]
          positions: [0.008584780155481711, 2.3433219030302626, 5.260242195296893, 3.139957231402554, 3.331359715394854, -0.09453091583799889]
          positions: [0.011142629186286382, 2.337651360984437, 5.227144463136377, 3.1397331632340206, 3.3587878503917294, -0.09176381234067207]
          positions: [0.013568203377211723, 2.331353399685193, 5.193782231197283, 3.1395735220351098, 3.3858532425313252, -0.08919524841823533]
          positions: [0.015871489317138145, 2.324457743059976, 5.160133335855699, 3.139457367582467, 3.4126077471649787, -0.0867941405398731]
          positions: [0.018061494442231985, 2.316989716389745, 5.126174731848522, 3.139371806583808, 3.439099708487592, -0.08453845649217755]
          positions: [0.020146363880678402, 2.3089706562610517, 5.091882289028007, 3.1393084776594495, 3.465374571383904, -0.08241158027620117]
          positions: [0.022133481255986714, 2.3004182417753984, 5.05723057627279, 3.1392617268812857, 3.4914754277736213, -0.0804003837896177]
          positions: [0.0240295556184617, 2.2913467569051145, 5.022192627059922, 3.1392275984518543, 3.5174435126695727, -0.07849412755800671]
          positions: [0.025840696226643794, 2.2817672912875198, 4.986739680530297, 3.139203250533515, 3.5433186635422445, -0.07668380185897891]
          positions: [0.0275724784469124, 2.271687884564993, 4.950840891160094, 3.1391865888794563, 3.5691397545017693, -0.0749616919741514]
          positions: [0.029230000748229276, 2.2611136173382107, 4.914462998741466, 3.1391760388364776, 3.59494511684317, -0.07332109033284993]
          positions: [0.030817934367428607, 2.2500466498368117, 4.877569948534801, 3.1391703977265095, 3.6207729575019574, -0.07175610128175201]
          positions: [0.03234056720403774, 2.238486207555824, 4.840122449478746, 3.139168732245038, 3.646661786132745, -0.07026149196666541]
          positions: [0.0338018422520302, 2.226428510873109, 4.802077454821203, 3.1391703092373535, 3.6726508639581152, -0.06883258487583323]
          positions: [0.035205391722245315, 2.2138666432668566, 4.763387545535402, 3.139174544795129, 3.6987806884920724, -0.06746517411059748]
          positions: [0.03655456695803691, 2.200790349791819, 4.724000191246712, 3.1391809699076747, 3.725093530871555, -0.06615545964706432]
          positions: [0.037852464650794365, 2.187185753622927, 4.683856855452928, 3.1391892080528674, 3.751634046989766, -0.06489999701670501]
          positions: [0.039101951637783385, 2.173034973383737, 4.6428919008761085, 3.139198945649018, 3.7784499897274038, -0.06369565139996028]
          positions: [0.0403056844402631, 2.158315617465293, 4.601031236612265, 3.1392099311534225, 3.805593055595601, -0.06253956818483496]
          positions: [0.04146612931150402, 2.1430001214550827, 4.558190625771895, 3.139221952964107, 3.833119914803795, -0.06142914037938116]
          positions: [0.0, 2.356194490192345, 5.358160803622591, 3.141592653589793, 3.246312408709453, -0.10471975511965978]
          positions: [0.0030265726767235044, 2.3526367219317903, 5.32572957757099, 3.140776883207821, 3.275185964446859, -0.10088544043455636]
          positions: [0.005883553945651275, 2.3483304015806596, 5.293096905248598, 3.140282100092721, 3.3035127759505327, -0.09754422104410977]
          positions: [0.008584780155481711, 2.3433219030302626, 5.260242195296893, 3.139957231402554, 3.331359715394854, -0.09453091583799889]
          positions: [0.011142629186286382, 2.337651360984437, 5.227144463136377, 3.1397331632340206, 3.3587878503917294, -0.09176381234067207]
          positions: [0.013568203377211723, 2.331353399685193, 5.193782231197283, 3.1395735220351098, 3.3858532425313252, -0.08919524841823533]
          positions: [0.015871489317138145, 2.324457743059976, 5.160133335855699, 3.139457367582467, 3.4126077471649787, -0.0867941405398731]
          positions: [0.018061494442231985, 2.316989716389745, 5.126174731848522, 3.139371806583808, 3.439099708487592, -0.08453845649217755]
          positions: [0.020146363880678402, 2.3089706562610517, 5.091882289028007, 3.1393084776594495, 3.465374571383904, -0.08241158027620117]
          positions: [0.022133481255986714, 2.3004182417753984, 5.05723057627279, 3.1392617268812857, 3.4914754277736213, -0.0804003837896177]
          positions: [0.0240295556184617, 2.2913467569051145, 5.022192627059922, 3.1392275984518543, 3.5174435126695727, -0.07849412755800671]
          positions: [0.025840696226643794, 2.2817672912875198, 4.986739680530297, 3.139203250533515, 3.5433186635422445, -0.07668380185897891]
          positions: [0.0275724784469124, 2.271687884564993, 4.950840891160094, 3.1391865888794563, 3.5691397545017693, -0.0749616919741514]
          positions: [0.029230000748229276, 2.2611136173382107, 4.914462998741466, 3.1391760388364776, 3.59494511684317, -0.07332109033284993]
          positions: [0.030817934367428607, 2.2500466498368117, 4.877569948534801, 3.1391703977265095, 3.6207729575019574, -0.07175610128175201]
          positions: [0.03234056720403774, 2.238486207555824, 4.840122449478746, 3.139168732245038, 3.646661786132745, -0.07026149196666541]
          positions: [0.0338018422520302, 2.226428510873109, 4.802077454821203, 3.1391703092373535, 3.6726508639581152, -0.06883258487583323]
          positions: [0.035205391722245315, 2.2138666432668566, 4.763387545535402, 3.139174544795129, 3.6987806884920724, -0.06746517411059748]
          positions: [0.03655456695803691, 2.200790349791819, 4.724000191246712, 3.1391809699076747, 3.725093530871555, -0.06615545964706432]
          positions: [0.037852464650794365, 2.187185753622927, 4.683856855452928, 3.1391892080528674, 3.751634046989766, -0.06489999701670501]
          positions: [0.039101951637783385, 2.173034973383737, 4.6428919008761085, 3.139198945649018, 3.7784499897274038, -0.06369565139996028]
          positions: [0.0403056844402631, 2.158315617465293, 4.601031236612265, 3.1392099311534225, 3.805593055595601, -0.06253956818483496]
          positions: [0.04146612931150402, 2.1430001214550827, 4.558190625771895, 3.139221952964107, 3.833119914803795, -0.06142914037938116]
