          positions: [0.0, 0.8203, 0.3316, 0.0, 0.6093, 0.0]
          positions: [0.0, 0.820304748437, 0.331612557879, 0.0, 0.6093, 0.0]
          positions: [0.0, 0.8203504805942768, 0.3316578383123536, 0.0, 0.6093375861770197, -1.5473286296725807e-05]
          positions: [0.0, 0.820665101457335, 0.331969351476604, 0.0, 0.6095961656133978, -0.00012192395424875843]
          positions: [0.0, 0.8215025134972398, 0.3327984918959537, 0.0, 0.610284414737089, -0.00040525885496851073]
          positions: [0.0, 0.8231005744430561, 0.33438076783613624, 0.0, 0.6115978231825759, -0.0009459561674629924]
          positions: [0.0, 0.8256814315473072, 0.3369361322681352, 0.0, 0.6137189685157324, -0.0018191784959693395]
          positions: [0.0, 0.8294518558514321, 0.3406693138319015, 0.0, 0.616817790958688, -0.0030948859672903424]
          positions: [0.0, 0.8346035764512448, 0.3457701478000721, 0.0, 0.6210518681146917, -0.0048379493281299766]
          positions: [0.0, 0.8413136147623923, 0.35241390704168746, 0.0, 0.626566689692976, -0.007108263042428935]
          positions: [0.0, 0.8497446187858128, 0.36076163298591035, 0.0, 0.633495932233621, -0.009960858388700146]
          positions: [0.0, 0.8600451973731935, 0.3709604665857434, 0.0, 0.641961733832418, -0.013446016557364313]
          positions: [0.0, 0.872350254492431, 0.3831439792817474, 0.0, 0.6520749688657344, -0.017609381748085438]
          positions: [0.0, 0.886781323493087, 0.39743250396575946, 0.0, 0.6639355227153766, -0.02249207426710638]
          positions: [0.0, 0.9034469013718482, 0.4139334659446109, 0.0, 0.6776325664934549, -0.02813080362458432]
          positions: [0.0, 0.9224427830379845, 0.4327417139038456, 0.0, 0.6932448317672474, -0.034557981631926325]
          positions: [0.0, 0.9438523955788072, 0.45393985087143773, 0.0, 0.7108408852840631, -0.041801835499124924]
          positions: [0.0, 0.967747132525127, 0.4775985651815103, 0.0, 0.7304794036961072, -0.04988652093209358]
          positions: [0.0, 0.9941866881167125, 0.5037769614380531, 0.0, 0.7522094482853443, -0.05883223523000218]
          positions: [0.0, 1.0232193915677494, 0.5325228914786404, 0.0, 0.7760707396883628, -0.06865533038261272]
          positions: [0.0, 1.0548825413322973, 0.5638732853381494, 0.0, 0.8020939326212385, -0.0793684261676146]
          positions: [0.0, 1.0892027393697497, 0.5978544822124787, 0.0, 0.8303008906043988, -0.09098052324796041]
          positions: [0.0, 1.1261962254102906, 0.6344825614222656, 0.0, 0.8607049606874871, -0.10349711626920124]
          positions: [0.0, 1.1658692112203544, 0.6737636733766045, 0.0, 0.8933112481742261, -0.1169203069568223]
          positions: [0.0, 1.2082182148680836, 0.7156943705367657, 0.0, 0.9281168913472824, -0.13124891721357868]
          positions: [0.0, 1.2532303949887864, 0.760261938379912, 0.0, 0.9651113361931303, -0.14647860221683026]
          positions: [0.0, 1.3008838850503968, 0.8074447263628184, 0.0, 1.004276611126916, -0.16260196351587797]
          positions: [0.0, 1.3511481276189303, 0.8572124788855888, 0.0, 1.0455876017173207, -0.17960866212929877]
          positions: [0.0, 1.403984208623946, 0.9095266662553751, 0.0, 1.089012325411426, -0.19748553164228136]
          positions: [0.0, 1.4593451916240023, 0.9643408156500949, 0.0, 1.134512206259577, -0.2162166913039621]
          positions: [0.0, 1.5171764520721136, 1.0216008420821507, 0.0, 1.1820423496402468, -0.23578365912475982]
          positions: [0.0, 1.5774160115812133, 1.0812453793621442, 0.0, 1.2315518169848991, -0.2561654649737116]
          positions: [0.0, 1.6399948721896085, 1.1432061110625993, 0.0, 1.2829839005028556, -0.27733876367580906]
          positions: [0.0, 1.7048373506264396, 1.2074081014816787, 0.0, 1.3362763979061556, -0.29927794810933234]
          positions: [0.0, 1.7718614125771386, 1.2737701266068986, 0.0, 1.3913618871344238, -0.32195526230318716]
          positions: [0.0, 1.840979006948887, 1.3422050050788523, 0.0, 1.4481680010797309, -0.34534091453423954]
          positions: [0.0, 1.9120964001360754, 1.4126199291549233, 0.0, 1.5066177023114617, -0.3694031904246516]
          positions: [0.0, 1.9851145102857595, 1.4849167956730072, 0.0, 1.5666295578011746, -0.3941085660392166]
          positions: [0.0, 2.0599292415631214, 1.5589925370152269, 0.0, 1.628118013647469, -0.4194218209826953]
          positions: [0.0, 2.1364318184169253, 1.6347394520716525, 0.0, 1.6909936698008492, -0.4453061514971509]
          positions: [0.0, 2.214509119844978, 1.7120455372040204, 0.0, 1.7551635547885844, -0.4717232835592849]
          positions: [0.0, 2.294044013659584, 1.7907948172094468, 0.0, 1.8205314004395785, -0.4986335859777719]
          positions: [0.0, 2.3749156907530096, 1.8708676762841514, 0.0, 1.8869979166092292, -0.5259961834905962]
          positions: [0.0, 2.4569999993629343, 1.952141188987172, 0.0, 1.954461065904297, -0.5537690698623869]
          positions: [0.0, 2.540169779337915, 2.0344894512040836, 0.0, 2.0228163384077624, -0.5819092209817527]
          positions: [0.0, 2.6242951964028385, 2.117783911110715, 0.0, 2.091957026403696, -0.6103727079586183]
          positions: [0.0, 2.7092440764243886, 2.201893700136872, 0.0, 2.1617744991021217, -0.6391148102215605]
          positions: [0.0, 2.794882239676494, 2.28668596393005, 0.0, 2.232158477363876, -0.6680901286151422]
          positions: [0.0, 2.881073835105793, 2.3720261933191513, 0.0, 2.3029973084254785, -0.6972526984972481]
          positions: [0.0, 2.967681674597094, 2.4577785552782103, 0.0, 2.374178240623991, -0.726556102836422]
          positions: [0.0, 3.0545675672388244, 2.5438062238901034, 0.0, 2.4455876981218827, -0.7559535853092001]
          positions: [0.0, 3.1415926535885, 2.629971711310273, 0.0, 2.5171115556318964, -0.7853981633974484]
          positions: [0.0, 3.2286177399381755, 2.716137198730443, 0.0, 2.58863541314191, -0.8148427414856965]
          positions: [0.0, 3.3155036325799063, 2.8021648673423356, 0.0, 2.660044870639802, -0.8442402239584749]
          positions: [0.0, 3.402111472071205, 2.8879172293013933, 0.0, 2.731225802838313, -0.8735436282976481]
          positions: [0.0, 3.488303067500505, 2.9732574586904947, 0.0, 2.8020646338999153, -0.9027061981797542]
          positions: [0.0, 3.5739412307526117, 3.058049722483672, 0.0, 2.872448612161671, -0.9316815165733355]
          positions: [0.0, 3.658890110774162, 3.1421595115098295, 0.0, 2.942266084860096, -0.9604236188362777]
          positions: [0.0, 3.743015527839085, 3.225453971416462, 0.0, 3.01140677285603, -0.9888871058131438]
          positions: [0.0, 3.8261853078140655, 3.3078022336333754, 0.0, 3.0797620453594963, -1.0170272569325096]
          positions: [0.0, 3.90826961642399, 3.3890757463363945, 0.0, 3.1472251946545624, -1.0448001433043002]
          positions: [0.0, 3.9891412935174153, 3.4691486054110996, 0.0, 3.2136917108242136, -1.0721627408171244]
          positions: [0.0, 4.06867618733202, 3.547897885416525, 0.0, 3.2790595564752065, -1.0990730432356117]
          positions: [0.0, 4.1467534887600745, 3.625203970548893, 0.0, 3.3432294414629427, -1.1254901752977453]
          positions: [0.0, 4.223256065613878, 3.7009508856053195, 0.0, 3.4061050976163227, -1.1513745058122011]
          positions: [0.0, 4.298070796891242, 3.7750266269475383, 0.0, 3.467593553462616, -1.17668776075568]
          positions: [0.0, 4.371088907040926, 3.847323493465622, 0.0, 3.5276054089523297, -1.201393136370245]
          positions: [0.0, 4.442206300228113, 3.917738417541693, 0.0, 3.5860551101840605, -1.2254554122606567]
          positions: [0.0, 4.51132389459986, 3.986173296013645, 0.0, 3.6428612241293683, -1.248841064491709]
          positions: [0.0, 4.5783479565505605, 4.052535321138867, 0.0, 3.6979467133576347, -1.2715183786855635]
          positions: [0.0, 4.643190434987392, 4.116737311557944, 0.0, 3.751239210760935, -1.293457563119087]
          positions: [0.0, 4.705769295595786, 4.178698043258402, 0.0, 3.802671294278891, -1.3146308618211846]
          positions: [0.0, 4.766008855104888, 4.238342580538395, 0.0, 3.8521807616235453, -1.3350126676701368]
          positions: [0.0, 4.823840115552996, 4.295602606970452, 0.0, 3.8997109050042154, -1.354579635490934]
          positions: [0.0, 4.879201098553054, 4.350416756365171, 0.0, 3.9452107858523675, -1.3733107951526144]
          positions: [0.0, 4.932037179558068, 4.402730943734962, 0.0, 3.9886355095464703, -1.3911876646655976]
          positions: [0.0, 4.982301422126604, 4.452498696257729, 0.0, 4.0299465001368775, -1.4081943632790184]
          positions: [0.0, 5.029954912188215, 4.499681484240635, 0.0, 4.069111775070665, -1.4243177245780658]
          positions: [0.0, 5.074967092308915, 4.544249052083781, 0.0, 4.106106219916511, -1.4395474095813174]
          positions: [0.0, 5.117316095956648, 4.5861797492439464, 0.0, 4.140911863089568, -1.453876019838075]
          positions: [0.0, 5.156989081766708, 4.625460861198283, 0.0, 4.173518150576306, -1.4672992105256952]
          positions: [0.0, 5.193982567807248, 4.66208894040807, 0.0, 4.203922220659396, -1.4798158035469364]
          positions: [0.0, 5.228302765844701, 4.696070137282399, 0.0, 4.2321291786425554, -1.4914279006272815]
          positions: [0.0, 5.25996591560925, 4.727420531141908, 0.0, 4.258152371575429, -1.5021409964122832]
          positions: [0.0, 5.288998619060287, 4.756166461182493, 0.0, 4.282013662978448, -1.5119640915648924]
          positions: [0.0, 5.315438174651874, 4.782344857439037, 0.0, 4.303743707567689, -1.5209098058628032]
          positions: [0.0, 5.339332911598195, 4.806003571749109, 0.0, 4.32338222597973, -1.528994491295772]
          positions: [0.0, 5.3607425241390185, 4.827201708716702, 0.0, 4.34097827949655, -1.5362383451629693]
          positions: [0.0, 5.379738405805149, 4.846009956675939, 0.0, 4.356590544770336, -1.542665523170312]
          positions: [0.0, 5.396403983683916, 4.862510918654786, 0.0, 4.370287588548415, -1.5483042525277906]
          positions: [0.0, 5.410835052684568, 4.8767994433388, 0.0, 4.382148142398057, -1.5531869450468117]
          positions: [0.0, 5.423140109803814, 4.888982956034802, 0.0, 4.392261377431375, -1.5573503102375312]
          positions: [0.0, 5.433440688391194, 4.8991817896346355, 0.0, 4.4007271790301665, -1.5608354684061974]
          positions: [0.0, 5.441871692414612, 4.9075295155788545, 0.0, 4.407656421570815, -1.5636880637524682]
          positions: [0.0, 5.44858173072576, 4.914173274820467, 0.0, 4.413171243149101, -1.5659583774667665]
          positions: [0.0, 5.453733451325565, 4.919274108788638, 0.0, 4.417405320305097, -1.5677014408276078]
          positions: [0.0, 5.457503875629694, 4.923007290352405, 0.0, 4.420504142748051, -1.568977148298928]
          positions: [0.0, 5.46008473273395, 4.925562654784411, 0.0, 4.422625288081214, -1.5698503706274352]
          positions: [0.0, 5.46168279367976, 4.927144930724587, 0.0, 4.423938696526697, -1.5703910679399282]
          positions: [0.0, 5.462520205719667, 4.927974071143943, 0.0, 4.424626945650395, -1.5706744028406483]
          positions: [0.0, 5.462834826582721, 4.928285584308188, 0.0, 4.4248855250867685, -1.570780853508598]
          positions: [0.0, 5.46288055874, 4.928330864741547, 0.0, 4.424923111263793, -1.5707963267948966]
          positions: [0.0, 0.8203, 0.3316, 0.0, 0.6093, 0.0]
          positions: [0.0, 0.820304748437, 0.331612557879, 0.0, 0.6093, 0.0]
          positions: [0.0019346108393737908, 0.8832979179927407, 0.5298621395035187, -0.0019356416287334705, 0.6845540133027399, -0.0020465212685837485]
          positions: [0.0038692216787475815, 0.9462910875484816, 0.7281117211280372, -0.003871283257466941, 0.7598080266054799, -0.004093042537167497]
          positions: [0.005803832518121372, 1.0092842571042224, 0.9263613027525559, -0.005806924886200411, 0.8350620399082198, -0.006139563805751245]
          positions: [0.007738443357495163, 1.072277426659963, 1.1246108843770746, -0.007742566514933882, 0.9103160532109598, -0.008186085074334994]
          positions: [0.009673054196868956, 1.135270596215704, 1.3228604660015932, -0.009678208143667353, 0.9855700665136997, -0.010232606342918742]
          positions: [0.011607665036242745, 1.1982637657714448, 1.5211100476261117, -0.011613849772400823, 1.0608240798164397, -0.01227912761150249]
          positions: [0.013542275875616537, 1.2612569353271854, 1.7193596292506306, -0.013549491401134294, 1.1360780931191796, -0.01432564888008624]
          positions: [0.015476886714990326, 1.324250104882926, 1.917609210875149, -0.015485133029867764, 1.2113321064219196, -0.016372170148669988]
          positions: [0.01741149755436412, 1.3872432744386671, 2.115858792499668, -0.017420774658601236, 1.2865861197246595, -0.018418691417253736]
          positions: [0.01934610839373791, 1.4502364439944078, 2.3141083741241864, -0.019356416287334706, 1.3618401330273995, -0.020465212685837484]
          positions: [0.021280719233111704, 1.5132296135501486, 2.5123579557487052, -0.02129205791606818, 1.4370941463301397, -0.022511733954421236]
          positions: [0.02321533007248549, 1.5762227831058895, 2.7106075373732237, -0.023227699544801646, 1.5123481596328794, -0.02455825522300498]
          positions: [0.02514994091185928, 1.6392159526616301, 2.9088571189977426, -0.02516334117353512, 1.5876021729356193, -0.026604776491588728]
          positions: [0.027084551751233074, 1.702209122217371, 3.107106700622261, -0.02709898280226859, 1.6628561862383593, -0.02865129776017248]
          positions: [0.029019162590606867, 1.7652022917731118, 3.30535628224678, -0.029034624431002062, 1.7381101995410992, -0.030697819028756228]
          positions: [0.030953773429980652, 1.8281954613288525, 3.5036058638712984, -0.03097026605973553, 1.8133642128438392, -0.032744340297339976]
          positions: [0.03288838426935445, 1.891188630884593, 3.701855445495817, -0.032905907688469, 1.8886182261465791, -0.034790861565923724]
          positions: [0.03482299510872824, 1.9541818004403342, 3.9001050271203357, -0.03484154931720247, 1.963872239449319, -0.03683738283450747]
          positions: [0.03490658503988659, 1.9540957814261861, 3.9000705194242844, -0.03490658503988659, 1.9638318988973522, -0.0367958341892905]
          positions: [0.03412757353807057, 1.9829508058773737, 3.970854926852425, -0.035578126051961895, 2.0048074228676005, -0.03595170425345496]
          positions: [0.033325548161797766, 2.0094104933627817, 4.03636374225609, -0.036284329095965906, 2.0429042826455226, -0.03518295839021343]
          positions: [0.03249946512529409, 2.033947471697424, 4.0976937740684285, -0.03702696426314348, 2.078746351551053, -0.034469407273131296]
          positions: [0.031648226526314605, 2.0568889355228697, 4.155607148372509, -0.03780824839403033, 2.1127683472210235, -0.03379655359754613]
          positions: [0.030770666621755996, 2.078473742433757, 4.21066305423296, -0.03863081228877385, 2.1452904405920385, -0.0331531769874491]
          positions: [0.029865546525069987, 2.0988820362280958, 4.263286146741816, -0.03949769673538775, 2.176557016093644, -0.03253010454008204]
          positions: [0.028931548392598587, 2.118253165557483, 4.31380792616576, -0.040412373323175384, 2.206760120027634, -0.03191944990572168]
          positions: [0.02796726906530258, 2.136697087405526, 4.362493083960508, -0.04137878358543268, 2.2360543950636185, -0.031314107657720185]
          positions: [0.02697121303672133, 2.1543019292658943, 4.40955699191073, -0.04240139370666549, 2.2645670014789165, -0.030707392945389735]
          positions: [0.025941784750828513, 2.1711391764777743, 4.45517772086422, -0.04348526537329067, 2.2924044441557476, -0.03009276424506238]
          positions: [0.024877280087371768, 2.1872673317834477, 4.4995045448921385, -0.044636143900510294, 2.3196574135161034, -0.02946359265865982]
          positions: [0.02377587699608506, 2.202734558111518, 4.542664110808927, -0.04586056688044492, 2.346404308926588, -0.028812953233960957]
          positions: [0.022635625112303836, 2.2175806244298673, 4.584765011824258, -0.047165997037706284, 2.3727138632263247, -0.02813342141805155]
          positions: [0.021454434274053767, 2.2318383612675263, 4.6259012429177, -0.048560985228864935, 2.3986471391294355, -0.027416860215245278]
          positions: [0.020230061774532238, 2.245534763025873, 4.666154855408826, -0.05005537089223916, 2.4242590776377133, -0.026654185191954907]
          positions: [0.01896009821096199, 2.2586918302271997, 4.705598026993465, -0.051660530067614306, 2.449599721348378, -0.025835093474585295]
          positions: [0.017641951714984196, 2.2713272162462728, 4.744294697814504, -0.05338968401424539, 2.4747151984102778, -0.024947741215046487]
          positions: [0.01627283035697237, 2.2834547239891134, 4.782301879451459, -0.055258286240011556, 2.499648528206208, -0.02397835000079021]
          positions: [0.014849722497639774, 2.295084684955808, 4.819670714046025, -0.05728451216037209, 2.524440293093485, -0.022910716824326716]
          positions: [0.013369374757891074, 2.3062242440308163, 4.856447340246217, -0.05948988397534857, 2.5491292089514306, -0.021725594309988654]
          positions: [0.011828267300087179, 2.316877566846955, 4.892673608192395, -0.061900076587904494, 2.573752619088452, -0.020399894903125337]
          positions: [0.010222586009885007, 2.3270459818214935, 4.92838767543079, -0.06454596846203098, 2.598346930151225, -0.018905654922571853]
          positions: [0.00854819112502071, 2.3367280653950084, 4.9636245081463795, -0.06746502879060205, 2.6229480042607403, -0.017208667075697483]
          positions: [0.006800581774390396, 2.3459196762393946, 4.99841630660932, -0.0707031733882641, 2.6475915181293277, -0.015266649157491253]
          positions: [0.004974855780136799, 2.3546139419765306, 5.032792869653704, -0.07431728463574656, 2.6723132969294516, -0.013026753911686072]
          positions: [0.0030656639674875833, 2.362801200073032, 5.066781909961421, -0.07837868973908003, 2.6971496277287197, -0.010422126240179649]
          positions: [0.0010671581290436296, 2.3704688929069175, 5.10040932963512, -0.08297805082375846, 2.7221375538044144, -0.0073670548076831726]
          positions: [-0.0010270684842191861, 2.377601415430776, 5.133699463819737, -0.08823238153337383, 2.7473151462670944, -0.0037500042143607496]
          positions: [-0.003224049352325716, 2.3841799122742677, 5.16667529884116, -0.09429535148011609, 2.7727217416001753, 0.000576632695634124]
          positions: [-0.005531523100916045, 2.3901820194587415, 5.199358670375234, -0.10137282226606835, 2.798398120205561, 0.00581200488243715]
          positions: [-0.007958023978348924, 2.3955815440355246, 5.231770446478178, -0.10974698904303323, 2.824386576148932, 0.012230868001649615]
          positions: [-0.010512986593280758, 2.4003480728084066, 5.263930699858138, -0.11981523013807825, 2.8507307801343864, 0.020222344876335122]
          positions: [-0.01320686760554384, 2.4044464987461005, 5.295858873521881, -0.13215524251816282, 2.877475239716187, 0.030354957106360336]
          positions: [-0.016051287664645333, 2.407836450605289, 5.327573943883738, -0.14763970107591018, 2.90466394943213, 0.04349116305379064]
          positions: [-0.01905919759364379, 2.410471607568523, 5.359094585588107, -0.16765032475779149, 2.932337335639904, 0.06100128183958659]
          positions: [-0.022245073779788172, 2.4122988764513247, 5.390439342702073, -0.1945075170487026, 2.9605253759705126, 0.08519296648427886]
          positions: [-0.02562514883386472, 2.4132574053173212, 5.42162681166115, -0.23241476983197604, 2.989231360171196, 0.12025540934842273]
          positions: [-0.02921768482823856, 2.413277410191477, 5.452675842577017, -0.28979256072648113, 3.0183899044183735, 0.17459300122008278]
          positions: [-0.03304331132397368, 2.4122780474306325, 5.483605599169487, -0.386015981696044, 3.0477152850676594, 0.2675631570900992]
          positions: [-0.03712539193831244, 2.410167566740832, 5.51443643829025, -0.5744779412275562, 3.0762608200302943, 0.45253763271073166]
          positions: [0.03490658503988659, 1.9540957814261861, 3.9000705194242844, -0.03490658503988659, 1.9638318988973522, -0.0367958341892905]
          positions: [0.03412757353807057, 1.9829508058773737, 3.970854926852425, -0.035578126051961895, 2.0048074228676005, -0.03595170425345496]
          positions: [0.033325548161797766, 2.0094104933627817, 4.03636374225609, -0.036284329095965906, 2.0429042826455226, -0.03518295839021343]
          positions: [0.03249946512529409, 2.033947471697424, 4.0976937740684285, -0.03702696426314348, 2.078746351551053, -0.034469407273131296]
          positions: [0.031648226526314605, 2.0568889355228697, 4.155607148372509, -0.03780824839403033, 2.1127683472210235, -0.03379655359754613]
          positions: [0.030770666621755996, 2.078473742433757, 4.21066305423296, -0.03863081228877385, 2.1452904405920385, -0.0331531769874491]
          positions: [0.029865546525069987, 2.0988820362280958, 4.263286146741816, -0.03949769673538775, 2.176557016093644, -0.03253010454008204]
          positions: [0.028931548392598587, 2.118253165557483, 4.31380792616576, -0.040412373323175384, 2.206760120027634, -0.03191944990572168]
          positions: [0.02796726906530258, 2.136697087405526, 4.362493083960508, -0.04137878358543268, 2.2360543950636185, -0.031314107657720185]
          positions: [0.02697121303672133, 2.1543019292658943, 4.40955699191073, -0.04240139370666549, 2.2645670014789165, -0.030707392945389735]
          positions: [0.025941784750828513, 2.1711391764777743, 4.45517772086422, -0.04348526537329067, 2.2924044441557476, -0.03009276424506238]
          positions: [0.024877280087371768, 2.1872673317834477, 4.4995045448921385, -0.044636143900510294, 2.3196574135161034, -0.02946359265865982]
          positions: [0.02377587699608506, 2.202734558111518, 4.542664110808927, -0.04586056688044492, 2.346404308926588, -0.028812953233960957]
          positions: [0.022635625112303836, 2.2175806244298673, 4.584765011824258, -0.047165997037706284, 2.3727138632263247, -0.02813342141805155]
          positions: [0.021454434274053767, 2.2318383612675263, 4.6259012429177, -0.048560985228864935, 2.3986471391294355, -0.027416860215245278]
          positions: [0.020230061774532238, 2.245534763025873, 4.666154855408826, -0.05005537089223916, 2.4242590776377133, -0.026654185191954907]
          positions: [0.01896009821096199, 2.2586918302271997, 4.705598026993465, -0.051660530067614306, 2.449599721348378, -0.025835093474585295]
          positions: [0.017641951714984196, 2.2713272162462728, 4.744294697814504, -0.05338968401424539, 2.4747151984102778, -0.024947741215046487]
          positions: [0.01627283035697237, 2.2834547239891134, 4.782301879451459, -0.055258286240011556, 2.499648528206208, -0.02397835000079021]
          positions: [0.014849722497639774, 2.295084684955808, 4.819670714046025, -0.05728451216037209, 2.524440293093485, -0.022910716824326716]
          positions: [0.013369374757891074, 2.3062242440308163, 4.856447340246217, -0.05948988397534857, 2.5491292089514306, -0.021725594309988654]
          positions: [0.011828267300087179, 2.316877566846955, 4.892673608192395, -0.061900076587904494, 2.573752619088452, -0.020399894903125337]
          positions: [0.010222586009885007, 2.3270459818214935, 4.92838767543079, -0.06454596846203098, 2.598346930151225, -0.018905654922571853]
          positions: [0.00854819112502071, 2.3367280653950084, 4.9636245081463795, -0.06746502879060205, 2.6229480042607403, -0.017208667075697483]
          positions: [0.006800581774390396, 2.3459196762393946, 4.99841630660932, -0.0707031733882641, 2.6475915181293277, -0.015266649157491253]
          positions: [0.004974855780136799, 2.3546139419765306, 5.032792869653704, -0.07431728463574656, 2.6723132969294516, -0.013026753911686072]
          positions: [0.0030656639674875833, 2.362801200073032, 5.066781909961421, -0.07837868973908003, 2.6971496277287197, -0.010422126240179649]
          positions: [0.0010671581290436296, 2.3704688929069175, 5.10040932963512, -0.08297805082375846, 2.7221375538044144, -0.0073670548076831726]
          positions: [-0.0010270684842191861, 2.377601415430776, 5.133699463819737, -0.08823238153337383, 2.7473151462670944, -0.0037500042143607496]
          positions: [-0.003224049352325716, 2.3841799122742677, 5.16667529884116, -0.09429535148011609, 2.7727217416001753, 0.000576632695634124]
          positions: [-0.005531523100916045, 2.3901820194587415, 5.199358670375234, -0.10137282226606835, 2.798398120205561, 0.00581200488243715]
          positions: [-0.007958023978348924, 2.3955815440355246, 5.231770446478178, -0.10974698904303323, 2.824386576148932, 0.012230868001649615]
          positions: [-0.010512986593280758, 2.4003480728084066, 5.263930699858138, -0.11981523013807825, 2.8507307801343864, 0.020222344876335122]
          positions: [-0.01320686760554384, 2.4044464987461005, 5.295858873521881, -0.13215524251816282, 2.877475239716187, 0.030354957106360336]
          positions: [-0.016051287664645333, 2.407836450605289, 5.327573943883738, -0.14763970107591018, 2.90466394943213, 0.04349116305379064]
          positions: [-0.01905919759364379, 2.410471607568523, 5.359094585588107, -0.16765032475779149, 2.932337335639904, 0.06100128183958659]
          positions: [-0.022245073779788172, 2.4122988764513247, 5.390439342702073, -0.1945075170487026, 2.9605253759705126, 0.08519296648427886]
          positions: [-0.02562514883386472, 2.4132574053173212, 5.42162681166115, -0.23241476983197604, 2.989231360171196, 0.12025540934842273]
          positions: [-0.02921768482823856, 2.413277410191477, 5.452675842577017, -0.28979256072648113, 3.0183899044183735, 0.17459300122008278]
          positions: [-0.03304331132397368, 2.4122780474306325, 5.483605599169487, -0.386015981696044, 3.0477152850676594, 0.2675631570900992]
          positions: [-0.03712539193831244, 2.410167566740832, 5.51443643829025, -0.5744779412275562, 3.0762608200302943, 0.45253763271073166]
