          positions: [0.0, 0.8203, 0.3316, 0.0, 0.6093, 0.0]
          positions: [0.0, 0.820304748437, 0.331612557879, 0.0, 0.6093, 0.0]
          positions: [0.0, 0.8203504805942768, 0.3316578383123536, 0.0, 0.6093375861770197, -1.5473286296725807e-05]
          positions: [0.0, 0.820665101457335, 0.331969351476604, 0.0, 0.6095961656133978, -0.00012192395424875843]
          positions: [0.0, 0.8215025134972398, 0.3327984918959537, 0.0, 0.610284414737089, -0.00040525885496851073]
          positions: [0.0, 0.8231005744430561, 0.33438076783613624, 0.0, 0.6115978231825759, -0.0009459561674629924]
          positions: [0.0, 0.8256814315473072, 0.3369361322681352, 0.0, 0.6137189685157324, -0.0018191784959693395]
          positions: [0.0, 0.8294518558514321, 0.3406693138319015, 0.0, 0.616817790958688, -0.0030948859672903424]
          positions: [0.0, 0.8346035764512448, 0.3457701478000721, 0.0, 0.6210518681146917, -0.0048379493281299766]
          positions: [0.0, 0.8413136147623923, 0.35241390704168746, 0.0, 0.626566689692976, -0.007108263042428935]
          positions: [0.0, 0.8497446187858128, 0.36076163298591035, 0.0, 0.633495932233621, -0.009960858388700146]
          positions: [0.0, 0.8600451973731935, 0.3709604665857434, 0.0, 0.641961733832418, -0.013446016557364313]
          positions: [0.0, 0.872350254492431, 0.3831439792817474, 0.0, 0.6520749688657344, -0.017609381748085438]
          positions: [0.0, 0.886781323493087, 0.39743250396575946, 0.0, 0.6639355227153766, -0.02249207426710638]
          positions: [0.0, 0.9034469013718482, 0.4139334659446109, 0.0, 0.6776325664934549, -0.02813080362458432]
          positions: [0.0, 0.9224427830379845, 0.4327417139038456, 0.0, 0.6932448317672474, -0.034557981631926325]
          positions: [0.0, 0.9438523955788072, 0.45393985087143773, 0.0, 0.7108408852840631, -0.041801835499124924]
          positions: [0.0, 0.967747132525127, 0.4775985651815103, 0.0, 0.7304794036961072, -0.04988652093209358]
          positions: [0.0, 0.9941866881167125, 0.5037769614380531, 0.0, 0.7522094482853443, -0.05883223523000218]
          positions: [0.0, 1.0232193915677494, 0.5325228914786404, 0.0, 0.7760707396883628, -0.06865533038261272]
          positions: [0.0, 1.0548825413322973, 0.5638732853381494, 0.0, 0.8020939326212385, -0.0793684261676146]
          positions: [0.0, 1.0892027393697497, 0.5978544822124787, 0.0, 0.8303008906043988, -0.09098052324796041]
          positions: [0.0, 1.1261962254102906, 0.6344825614222656, 0.0, 0.8607049606874871, -0.10349711626920124]
          positions: [0.0, 1.1658692112203544, 0.6737636733766045, 0.0, 0.8933112481742261, -0.1169203069568223]
          positions: [0.0, 1.2082182148680836, 0.7156943705367657, 0.0, 0.9281168913472824, -0.13124891721357868]
          positions: [0.0, 1.2532303949887864, 0.760261938379912, 0.0, 0.9651113361931303, -0.14647860221683026]
          positions: [0.0, 1.3008838850503968, 0.8074447263628184, 0.0, 1.004276611126916, -0.16260196351587797]
          positions: [0.0, 1.3511481276189303, 0.8572124788855888, 0.0, 1.0455876017173207, -0.17960866212929877]
          positions: [0.0, 1.403984208623946, 0.9095266662553751, 0.0, 1.089012325411426, -0.19748553164228136]
          positions: [0.0, 1.4593451916240023, 0.9643408156500949, 0.0, 1.134512206259577, -0.2162166913039621]
          positions: [0.0, 1.5171764520721136, 1.0216008420821507, 0.0, 1.1820423496402468, -0.23578365912475982]
          positions: [0.0, 1.5774160115812133, 1.0812453793621442, 0.0, 1.2315518169848991, -0.2561654649737116]
          positions: [0.0, 1.6399948721896085, 1.1432061110625993, 0.0, 1.2829839005028556, -0.27733876367580906]
          positions: [0.0, 1.7048373506264396, 1.2074081014816787, 0.0, 1.3362763979061556, -0.29927794810933234]
          positions: [0.0, 1.7718614125771386, 1.2737701266068986, 0.0, 1.3913618871344238, -0.32195526230318716]
          positions: [0.0, 1.840979006948887, 1.3422050050788523, 0.0, 1.4481680010797309, -0.34534091453423954]
          positions: [0.0, 1.9120964001360754, 1.4126199291549233, 0.0, 1.5066177023114617, -0.3694031904246516]
          positions: [0.0, 1.9851145102857595, 1.4849167956730072, 0.0, 1.5666295578011746, -0.3941085660392166]
          positions: [0.0, 2.0599292415631214, 1.5589925370152269, 0.0, 1.628118013647469, -0.4194218209826953]
          positions: [0.0, 2.1364318184169253, 1.6347394520716525, 0.0, 1.6909936698008492, -0.4453061514971509]
          positions: [0.0, 2.214509119844978, 1.7120455372040204, 0.0, 1.7551635547885844, -0.4717232835592849]
          positions: [0.0, 2.294044013659584, 1.7907948172094468, 0.0, 1.8205314004395785, -0.4986335859777719]
          positions: [0.0, 2.3749156907530096, 1.8708676762841514, 0.0, 1.8869979166092292, -0.5259961834905962]
          positions: [0.0, 2.4569999993629343, 1.952141188987172, 0.0, 1.954461065904297, -0.5537690698623869]
          positions: [0.0, 2.540169779337915, 2.0344894512040836, 0.0, 2.0228163384077624, -0.5819092209817527]
          positions: [0.0, 2.6242951964028385, 2.117783911110715, 0.0, 2.091957026403696, -0.6103727079586183]
          positions: [0.0, 2.7092440764243886, 2.201893700136872, 0.0, 2.1617744991021217, -0.6391148102215605]
          positions: [0.0, 2.794882239676494, 2.28668596393005, 0.0, 2.232158477363876, -0.6680901286151422]
          positions: [0.0, 2.881073835105793, 2.3720261933191513, 0.0, 2.3029973084254785, -0.6972526984972481]
          positions: [0.0, 2.967681674597094, 2.4577785552782103, 0.0, 2.374178240623991, -0.726556102836422]
          positions: [0.0, 3.0545675672388244, 2.5438062238901034, 0.0, 2.4455876981218827, -0.7559535853092001]
          positions: [0.0, 3.1415926535885, 2.629971711310273, 0.0, 2.5171115556318964, -0.7853981633974484]
          positions: [0.0, 3.2286177399381755, 2.716137198730443, 0.0, 2.58863541314191, -0.8148427414856965]
          positions: [0.0, 3.3155036325799063, 2.8021648673423356, 0.0, 2.660044870639802, -0.8442402239584749]
          positions: [0.0, 3.402111472071205, 2.8879172293013933, 0.0, 2.731225802838313, -0.8735436282976481]
          positions: [0.0, 3.488303067500505, 2.9732574586904947, 0.0, 2.8020646338999153, -0.9027061981797542]
          positions: [0.0, 3.5739412307526117, 3.058049722483672, 0.0, 2.872448612161671, -0.9316815165733355]
          positions: [0.0, 3.658890110774162, 3.1421595115098295, 0.0, 2.942266084860096, -0.9604236188362777]
          positions: [0.0, 3.743015527839085, 3.225453971416462, 0.0, 3.01140677285603, -0.9888871058131438]
          positions: [0.0, 3.8261853078140655, 3.3078022336333754, 0.0, 3.0797620453594963, -1.0170272569325096]
          positions: [0.0, 3.90826961642399, 3.3890757463363945, 0.0, 3.1472251946545624, -1.0448001433043002]
          positions: [0.0, 3.9891412935174153, 3.4691486054110996, 0.0, 3.2136917108242136, -1.0721627408171244]
          positions: [0.0, 4.06867618733202, 3.547897885416525, 0.0, 3.2790595564752065, -1.0990730432356117]
          positions: [0.0, 4.1467534887600745, 3.625203970548893, 0.0, 3.3432294414629427, -1.1254901752977453]
          positions: [0.0, 4.223256065613878, 3.7009508856053195, 0.0, 3.4061050976163227, -1.1513745058122011]
          positions: [0.0, 4.298070796891242, 3.7750266269475383, 0.0, 3.467593553462616, -1.17668776075568]
          positions: [0.0, 4.371088907040926, 3.847323493465622, 0.0, 3.5276054089523297, -1.201393136370245]
          positions: [0.0, 4.442206300228113, 3.917738417541693, 0.0, 3.5860551101840605, -1.2254554122606567]
          positions: [0.0, 4.51132389459986, 3.986173296013645, 0.0, 3.6428612241293683, -1.248841064491709]
          positions: [0.0, 4.5783479565505605, 4.052535321138867, 0.0, 3.6979467133576347, -1.2715183786855635]
          positions: [0.0, 4.643190434987392, 4.116737311557944, 0.0, 3.751239210760935, -1.293457563119087]
          positions: [0.0, 4.705769295595786, 4.178698043258402, 0.0, 3.802671294278891, -1.3146308618211846]
          positions: [0.0, 4.766008855104888, 4.238342580538395, 0.0, 3.8521807616235453, -1.3350126676701368]
          positions: [0.0, 4.823840115552996, 4.295602606970452, 0.0, 3.8997109050042154, -1.354579635490934]
          positions: [0.0, 4.879201098553054, 4.350416756365171, 0.0, 3.9452107858523675, -1.3733107951526144]
          positions: [0.0, 4.932037179558068, 4.402730943734962, 0.0, 3.9886355095464703, -1.3911876646655976]
          positions: [0.0, 4.982301422126604, 4.452498696257729, 0.0, 4.0299465001368775, -1.4081943632790184]
          positions: [0.0, 5.029954912188215, 4.499681484240635, 0.0, 4.069111775070665, -1.4243177245780658]
          positions: [0.0, 5.074967092308915, 4.544249052083781, 0.0, 4.106106219916511, -1.4395474095813174]
          positions: [0.0, 5.117316095956648, 4.5861797492439464, 0.0, 4.140911863089568, -1.453876019838075]
          positions: [0.0, 5.156989081766708, 4.625460861198283, 0.0, 4.173518150576306, -1.4672992105256952]
          positions: [0.0, 5.193982567807248, 4.66208894040807, 0.0, 4.203922220659396, -1.4798158035469364]
          positions: [0.0, 5.228302765844701, 4.696070137282399, 0.0, 4.2321291786425554, -1.4914279006272815]
          positions: [0.0, 5.25996591560925, 4.727420531141908, 0.0, 4.258152371575429, -1.5021409964122832]
          positions: [0.0, 5.288998619060287, 4.756166461182493, 0.0, 4.282013662978448, -1.5119640915648924]
          positions: [0.0, 5.315438174651874, 4.782344857439037, 0.0, 4.303743707567689, -1.5209098058628032]
          positions: [0.0, 5.339332911598195, 4.806003571749109, 0.0, 4.32338222597973, -1.528994491295772]
          positions: [0.0, 5.3607425241390185, 4.827201708716702, 0.0, 4.34097827949655, -1.5362383451629693]
          positions: [0.0, 5.379738405805149, 4.846009956675939, 0.0, 4.356590544770336, -1.542665523170312]
          positions: [0.0, 5.396403983683916, 4.862510918654786, 0.0, 4.370287588548415, -1.5483042525277906]
          positions: [0.0, 5.410835052684568, 4.8767994433388, 0.0, 4.382148142398057, -1.5531869450468117]
          positions: [0.0, 5.423140109803814, 4.888982956034802, 0.0, 4.392261377431375, -1.5573503102375312]
          positions: [0.0, 5.433440688391194, 4.8991817896346355, 0.0, 4.4007271790301665, -1.5608354684061974]
          positions: [0.0, 5.441871692414612, 4.9075295155788545, 0.0, 4.407656421570815, -1.5636880637524682]
          positions: [0.0, 5.44858173072576, 4.914173274820467, 0.0, 4.413171243149101, -1.5659583774667665]
          positions: [0.0, 5.453733451325565, 4.919274108788638, 0.0, 4.417405320305097, -1.5677014408276078]
          positions: [0.0, 5.457503875629694, 4.923007290352405, 0.0, 4.420504142748051, -1.568977148298928]
          positions: [0.0, 5.46008473273395, 4.925562654784411, 0.0, 4.422625288081214, -1.5698503706274352]
          positions: [0.0, 5.46168279367976, 4.927144930724587, 0.0, 4.423938696526697, -1.5703910679399282]
          positions: [0.0, 5.462520205719667, 4.927974071143943, 0.0, 4.424626945650395, -1.5706744028406483]
          positions: [0.0, 5.462834826582721, 4.928285584308188, 0.0, 4.4248855250867685, -1.570780853508598]
          positions: [0.0, 5.46288055874, 4.928330864741547, 0.0, 4.424923111263793, -1.5707963267948966]
          positions: [8.356459827067385e-05, 1.533429638095564, 3.0122165941520063, 0.1568333608796913, 2.759899604129283, 1.1357151676253323]
          positions: [9.762309806326459e-05, 1.533447539059623, 3.0122223836828144, 0.15684980682059188, 3.0413986501745605, 1.1357162622227706]
          positions: [0.00011168159785585532, 1.533465440023682, 3.0122281732136225, 0.1568662527614925, 3.322897696219838, 1.135717356820209]
          positions: [0.00012574009764844605, 1.5334833409877409, 3.0122339627444306, 0.15688269870239308, 3.6043967422651155, 1.1357184514176473]
          positions: [0.0001397985974410368, 1.5335012419518, 3.0122397522752387, 0.1568991446432937, 3.885895788310393, 1.1357195460150857]
          positions: [0.00015385709723362754, 1.5335191429158588, 3.0122455418060468, 0.15691559058419427, 4.167394834355671, 1.135720640612524]
          positions: [0.0, 0.8203, 0.3316, 0.0, 0.6093, 0.0]
          positions: [8.356459827067385e-05, 1.533429638095564, 3.0122165941520063, 0.1568333608796913, 2.759899604129283, 1.1357151676253323]
          positions: [7.618610801080296e-05, 1.5334461935946166, 3.0122362499305075, 0.156841164635187, 3.041402755400278, 1.1357258399227261]
          positions: [6.880761775093207e-05, 1.5334627490936694, 3.012255905709009, 0.15684896839068269, 3.3229059066712736, 1.1357365122201202]
          positions: [6.142912749106119e-05, 1.533479304592722, 3.0122755614875096, 0.15685677214617838, 3.6044090579422687, 1.135747184517514]
          positions: [5.40506372311903e-05, 1.5334958600917747, 3.012295217266011, 0.15686457590167407, 3.885912209213264, 1.135757856814908]
          positions: [4.667214697131941e-05, 1.5335124155908273, 3.012314873044512, 0.15687237965716977, 4.167415360484259, 1.1357685291123019]
