          positions: [0.0, 0.8203, 0.3316, 0.0, 0.6093, 0.0]
          positions: [0.0, 0.820304748437, 0.331612557879, 0.0, 0.6093, 0.0]
          positions: [0.0, 0.8203504805942768, 0.3316578383123536, 0.0, 0.6093375861770197, -1.5473286296725807e-05]
          positions: [0.0, 0.820665101457335, 0.331969351476604, 0.0, 0.6095961656133978, -0.00012192395424875843]
          positions: [0.0, 0.8215025134972398, 0.3327984918959537, 0.0, 0.610284414737089, -0.00040525885496851073]
          positions: [0.0, 0.8231005744430561, 0.33438076783613624, 0.0, 0.6115978231825759, -0.0009459561674629924]
          positions: [0.0, 0.8256814315473072, 0.3369361322681352, 0.0, 0.6137189685157324, -0.0018191784959693395]
          positions: [0.0, 0.8294518558514321, 0.3406693138319015, 0.0, 0.616817790958688, -0.0030948859672903424]
          positions: [0.0, 0.8346035764512448, 0.3457701478000721, 0.0, 0.6210518681146917, -0.0048379493281299766]
          positions: [0.0, 0.8413136147623923, 0.35241390704168746, 0.0, 0.626566689692976, -0.007108263042428935]
          positions: [0.0, 0.8497446187858128, 0.36076163298591035, 0.0, 0.633495932233621, -0.009960858388700146]
          positions: [0.0, 0.8600451973731935, 0.3709604665857434, 0.0, 0.641961733832418, -0.013446016557364313]
          positions: [0.0, 0.872350254492431, 0.3831439792817474, 0.0, 0.6520749688657344, -0.017609381748085438]
          positions: [0.0, 0.886781323493087, 0.39743250396575946, 0.0, 0.6639355227153766, -0.02249207426710638]
          positions: [0.0, 0.9034469013718482, 0.4139334659446109, 0.0, 0.6776325664934549, -0.02813080362458432]
          positions: [0.0, 0.9224427830379845, 0.4327417139038456, 0.0, 0.6932448317672474, -0.034557981631926325]
          positions: [0.0, 0.9438523955788072, 0.45393985087143773, 0.0, 0.7108408852840631, -0.041801835499124924]
          positions: [0.0, 0.967747132525127, 0.4775985651815103, 0.0, 0.7304794036961072, -0.04988652093209358]
          positions: [0.0, 0.9941866881167125, 0.5037769614380531, 0.0, 0.7522094482853443, -0.05883223523000218]
          positions: [0.0, 1.0232193915677494, 0.5325228914786404, 0.0, 0.7760707396883628, -0.06865533038261272]
          positions: [0.0, 1.0548825413322973, 0.5638732853381494, 0.0, 0.8020939326212385, -0.0793684261676146]
          positions: [0.0, 1.0892027393697497, 0.5978544822124787, 0.0, 0.8303008906043988, -0.09098052324796041]
          positions: [0.0, 1.1261962254102906, 0.6344825614222656, 0.0, 0.8607049606874871, -0.10349711626920124]
          positions: [0.0, 1.1658692112203544, 0.6737636733766045, 0.0, 0.8933112481742261, -0.1169203069568223]
          positions: [0.0, 1.2082182148680836, 0.7156943705367657, 0.0, 0.9281168913472824, -0.13124891721357868]
          positions: [0.0, 1.2532303949887864, 0.760261938379912, 0.0, 0.9651113361931303, -0.14647860221683026]
          positions: [0.0, 1.3008838850503968, 0.8074447263628184, 0.0, 1.004276611126916, -0.16260196351587797]
          positions: [0.0, 1.3511481276189303, 0.8572124788855888, 0.0, 1.0455876017173207, -0.17960866212929877]
          positions: [0.0, 1.403984208623946, 0.9095266662553751, 0.0, 1.089012325411426, -0.19748553164228136]
          positions: [0.0, 1.4593451916240023, 0.9643408156500949, 0.0, 1.134512206259577, -0.2162166913039621]
          positions: [0.0, 1.5171764520721136, 1.0216008420821507, 0.0, 1.1820423496402468, -0.23578365912475982]
          positions: [0.0, 1.5774160115812133, 1.0812453793621442, 0.0, 1.2315518169848991, -0.2561654649737116]
          positions: [0.0, 1.6399948721896085, 1.1432061110625993, 0.0, 1.2829839005028556, -0.27733876367580906]
          positions: [0.0, 1.7048373506264396, 1.2074081014816787, 0.0, 1.3362763979061556, -0.29927794810933234]
          positions: [0.0, 1.7718614125771386, 1.2737701266068986, 0.0, 1.3913618871344238, -0.32195526230318716]
          positions: [0.0, 1.840979006948887, 1.3422050050788523, 0.0, 1.4481680010797309, -0.34534091453423954]
          positions: [0.0, 1.9120964001360754, 1.4126199291549233, 0.0, 1.5066177023114617, -0.3694031904246516]
          positions: [0.0, 1.9851145102857595, 1.4849167956730072, 0.0, 1.5666295578011746, -0.3941085660392166]
          positions: [0.0, 2.0599292415631214, 1.5589925370152269, 0.0, 1.628118013647469, -0.4194218209826953]
          positions: [0.0, 2.1364318184169253, 1.6347394520716525, 0.0, 1.6909936698008492, -0.4453061514971509]
          positions: [0.0, 2.214509119844978, 1.7120455372040204, 0.0, 1.7551635547885844, -0.4717232835592849]
          positions: [0.0, 2.294044013659584, 1.7907948172094468, 0.0, 1.8205314004395785, -0.4986335859777719]
          positions: [0.0, 2.3749156907530096, 1.8708676762841514, 0.0, 1.8869979166092292, -0.5259961834905962]
          positions: [0.0, 2.4569999993629343, 1.952141188987172, 0.0, 1.954461065904297, -0.5537690698623869]
          positions: [0.0, 2.540169779337915, 2.0344894512040836, 0.0, 2.0228163384077624, -0.5819092209817527]
          positions: [0.0, 2.6242951964028385, 2.117783911110715, 0.0, 2.091957026403696, -0.6103727079586183]
          positions: [0.0, 2.7092440764243886, 2.201893700136872, 0.0, 2.1617744991021217, -0.6391148102215605]
          positions: [0.0, 2.794882239676494, 2.28668596393005, 0.0, 2.232158477363876, -0.6680901286151422]
          positions: [0.0, 2.881073835105793, 2.3720261933191513, 0.0, 2.3029973084254785, -0.6972526984972481]
          positions: [0.0, 2.967681674597094, 2.4577785552782103, 0.0, 2.374178240623991, -0.726556102836422]
          positions: [0.0, 3.0545675672388244, 2.5438062238901034, 0.0, 2.4455876981218827, -0.7559535853092001]
          positions: [0.0, 3.1415926535885, 2.629971711310273, 0.0, 2.5171115556318964, -0.7853981633974484]
          positions: [0.0, 3.2286177399381755, 2.716137198730443, 0.0, 2.58863541314191, -0.8148427414856965]
          positions: [0.0, 3.3155036325799063, 2.8021648673423356, 0.0, 2.660044870639802, -0.8442402239584749]
          positions: [0.0, 3.402111472071205, 2.8879172293013933, 0.0, 2.731225802838313, -0.8735436282976481]
          positions: [0.0, 3.488303067500505, 2.9732574586904947, 0.0, 2.8020646338999153, -0.9027061981797542]
          positions: [0.0, 3.5739412307526117, 3.058049722483672, 0.0, 2.872448612161671, -0.9316815165733355]
          positions: [0.0, 3.658890110774162, 3.1421595115098295, 0.0, 2.942266084860096, -0.9604236188362777]
          positions: [0.0, 3.743015527839085, 3.225453971416462, 0.0, 3.01140677285603, -0.9888871058131438]
          positions: [0.0, 3.8261853078140655, 3.3078022336333754, 0.0, 3.0797620453594963, -1.0170272569325096]
          positions: [0.0, 3.90826961642399, 3.3890757463363945, 0.0, 3.1472251946545624, -1.0448001433043002]
          positions: [0.0, 3.9891412935174153, 3.4691486054110996, 0.0, 3.2136917108242136, -1.0721627408171244]
          positions: [0.0, 4.06867618733202, 3.547897885416525, 0.0, 3.2790595564752065, -1.0990730432356117]
          positions: [0.0, 4.1467534887600745, 3.625203970548893, 0.0, 3.3432294414629427, -1.1254901752977453]
          positions: [0.0, 4.223256065613878, 3.7009508856053195, 0.0, 3.4061050976163227, -1.1513745058122011]
          positions: [0.0, 4.298070796891242, 3.7750266269475383, 0.0, 3.467593553462616, -1.17668776075568]
          positions: [0.0, 4.371088907040926, 3.847323493465622, 0.0, 3.5276054089523297, -1.201393136370245]
          positions: [0.0, 4.442206300228113, 3.917738417541693, 0.0, 3.5860551101840605, -1.2254554122606567]
          positions: [0.0, 4.51132389459986, 3.986173296013645, 0.0, 3.6428612241293683, -1.248841064491709]
          positions: [0.0, 4.5783479565505605, 4.052535321138867, 0.0, 3.6979467133576347, -1.2715183786855635]
          positions: [0.0, 4.643190434987392, 4.116737311557944, 0.0, 3.751239210760935, -1.293457563119087]
          positions: [0.0, 4.705769295595786, 4.178698043258402, 0.0, 3.802671294278891, -1.3146308618211846]
          positions: [0.0, 4.766008855104888, 4.238342580538395, 0.0, 3.8521807616235453, -1.3350126676701368]
          positions: [0.0, 4.823840115552996, 4.295602606970452, 0.0, 3.8997109050042154, -1.354579635490934]
          positions: [0.0, 4.879201098553054, 4.350416756365171, 0.0, 3.9452107858523675, -1.3733107951526144]
          positions: [0.0, 4.932037179558068, 4.402730943734962, 0.0, 3.9886355095464703, -1.3911876646655976]
          positions: [0.0, 4.982301422126604, 4.452498696257729, 0.0, 4.0299465001368775, -1.4081943632790184]
          positions: [0.0, 5.029954912188215, 4.499681484240635, 0.0, 4.069111775070665, -1.4243177245780658]
          positions: [0.0, 5.074967092308915, 4.544249052083781, 0.0, 4.106106219916511, -1.4395474095813174]
          positions: [0.0, 5.117316095956648, 4.5861797492439464, 0.0, 4.140911863089568, -1.453876019838075]
          positions: [0.0, 5.156989081766708, 4.625460861198283, 0.0, 4.173518150576306, -1.4672992105256952]
          positions: [0.0, 5.193982567807248, 4.66208894040807, 0.0, 4.203922220659396, -1.4798158035469364]
          positions: [0.0, 5.228302765844701, 4.696070137282399, 0.0, 4.2321291786425554, -1.4914279006272815]
          positions: [0.0, 5.25996591560925, 4.727420531141908, 0.0, 4.258152371575429, -1.5021409964122832]
          positions: [0.0, 5.288998619060287, 4.756166461182493, 0.0, 4.282013662978448, -1.5119640915648924]
          positions: [0.0, 5.315438174651874, 4.782344857439037, 0.0, 4.303743707567689, -1.5209098058628032]
          positions: [0.0, 5.339332911598195, 4.806003571749109, 0.0, 4.32338222597973, -1.528994491295772]
          positions: [0.0, 5.3607425241390185, 4.827201708716702, 0.0, 4.34097827949655, -1.5362383451629693]
          positions: [0.0, 5.379738405805149, 4.846009956675939, 0.0, 4.356590544770336, -1.542665523170312]
          positions: [0.0, 5.396403983683916, 4.862510918654786, 0.0, 4.370287588548415, -1.5483042525277906]
          positions: [0.0, 5.410835052684568, 4.8767994433388, 0.0, 4.382148142398057, -1.5531869450468117]
          positions: [0.0, 5.423140109803814, 4.888982956034802, 0.0, 4.392261377431375, -1.5573503102375312]
          positions: [0.0, 5.433440688391194, 4.8991817896346355, 0.0, 4.4007271790301665, -1.5608354684061974]
          positions: [0.0, 5.441871692414612, 4.9075295155788545, 0.0, 4.407656421570815, -1.5636880637524682]
          positions: [0.0, 5.44858173072576, 4.914173274820467, 0.0, 4.413171243149101, -1.5659583774667665]
          positions: [0.0, 5.453733451325565, 4.919274108788638, 0.0, 4.417405320305097, -1.5677014408276078]
          positions: [0.0, 5.457503875629694, 4.923007290352405, 0.0, 4.420504142748051, -1.568977148298928]
          positions: [0.0, 5.46008473273395, 4.925562654784411, 0.0, 4.422625288081214, -1.5698503706274352]
          positions: [0.0, 5.46168279367976, 4.927144930724587, 0.0, 4.423938696526697, -1.5703910679399282]
          positions: [0.0, 5.462520205719667, 4.927974071143943, 0.0, 4.424626945650395, -1.5706744028406483]
          positions: [0.0, 5.462834826582721, 4.928285584308188, 0.0, 4.4248855250867685, -1.570780853508598]
          positions: [0.0, 5.46288055874, 4.928330864741547, 0.0, 4.424923111263793, -1.5707963267948966]
          positions: [0.5036040094350626, 2.3722374210423625, 5.7540557585106455, 0.10259745878795122, 3.3495680488067365, 1.7476519296307764]
          positions: [0.4339915825766474, 2.3632062767829907, 5.704933961819995, 0.2224304751957683, 3.3706943033243943, 1.8089638990054167]
          positions: [0.3643791557182322, 2.3541751325236184, 5.655812165129344, 0.3422634916035854, 3.391820557842052, 1.8702758683800569]
          positions: [0.29476672885981714, 2.3451439882642466, 5.606690368438693, 0.46209650801140245, 3.41294681235971, 1.931587837754697]
          positions: [0.2251543020014019, 2.336112844004875, 5.557568571748043, 0.5819295244192195, 3.434073066877368, 1.9928998071293371]
          positions: [0.15554187514298679, 2.3270816997455026, 5.508446775057393, 0.7017625408270366, 3.4551993213950256, 2.054211776503977]
          positions: [0.08592944828457166, 2.318050555486131, 5.459324978366742, 0.8215955572348537, 3.476325575912683, 2.1155237458786176]
          positions: [0.01631702142615643, 2.3090194112267586, 5.410203181676091, 0.9414285736426709, 3.4974518304303412, 2.1768357152532576]
          positions: [-0.05329540543225875, 2.299988266967387, 5.36108138498544, 1.0612615900504878, 3.5185780849479986, 2.238147684627898]
          positions: [-0.12290783229067381, 2.290957122708015, 5.31195958829479, 1.181094606458305, 3.5397043394656564, 2.299459654002538]
          positions: [-0.192520259149089, 2.2819259784486428, 5.26283779160414, 1.300927622866122, 3.5608305939833143, 2.360771623377178]
          positions: [-0.26213268600750417, 2.272894834189271, 5.213715994913489, 1.4207606392739391, 3.581956848500972, 2.4220835927518185]
          positions: [-0.33174511286591923, 2.263863689929899, 5.164594198222838, 1.540593655681756, 3.60308310301863, 2.4833955621264585]
          positions: [-0.4013575397243345, 2.254832545670527, 5.1154724015321875, 1.6604266720895733, 3.6242093575362877, 2.544707531501099]
          positions: [-0.4709699665827497, 2.245801401411155, 5.066350604841537, 1.7802596884973905, 3.6453356120539455, 2.606019500875739]
          positions: [-0.5405823934411648, 2.2367702571517833, 5.017228808150886, 1.9000927049052074, 3.6664618665716033, 2.667331470250379]
          positions: [-0.61019482029958, 2.227739112892411, 4.968107011460235, 2.019925721313024, 3.687588121089261, 2.7286434396250194]
          positions: [-0.6798072471579951, 2.2187079686330393, 4.918985214769585, 2.1397587377208414, 3.708714375606919, 2.78995540899966]
          positions: [-0.7494196740164102, 2.2096768243736675, 4.869863418078935, 2.2595917541286585, 3.729840630124577, 2.8512673783743]
          positions: [-0.8190321008748255, 2.2006456801142953, 4.820741621388284, 2.3794247705364753, 3.750966884642234, 2.91257934774894]
          positions: [-0.8886445277332405, 2.1916145358549235, 4.771619824697633, 2.4992577869442925, 3.7720931391598924, 2.97389131712358]
          positions: [-0.9582569545916556, 2.1825833915955513, 4.722498028006983, 2.6190908033521096, 3.79321939367755, 3.0352032864982204]
          positions: [-1.027869381450071, 2.1735522473361795, 4.6733762313163325, 2.738923819759927, 3.8143456481952076, 3.096515255872861]
          positions: [-1.097481808308486, 2.1645211030768077, 4.624254434625682, 2.858756836167744, 3.8354719027128654, 3.157827225247501]
          positions: [-1.1670942351669011, 2.1554899588174354, 4.575132637935031, 2.9785898525755607, 3.8565981572305232, 3.219139194622141]
          positions: [-1.2367066620253162, 2.1464588145580636, 4.52601084124438, 3.098422868983378, 3.877724411748181, 3.280451163996781]
          positions: [0.5036040094350626, 2.3722374210423625, 5.7540557585106455, 0.10259745878795122, 3.3495680488067365, 1.7476519296307764]
          positions: [0.4610718501201895, 2.3667592915073925, 5.770024698411783, 0.09888209198904614, 3.371972760378056, 1.7092472316490264]
          positions: [0.41666460792781274, 2.361135440011125, 5.784840531034136, 0.09626768049546455, 3.393481626850236, 1.6678877541244526]
          positions: [0.3704349921769627, 2.3555096468239376, 5.798410819422429, 0.09450742390755441, 3.413861458998327, 1.6238669177509033]
          positions: [0.32247152325628314, 2.350042921173237, 5.810639970991198, 0.09343834106332408, 3.432857733319045, 1.5774283917552716]
          positions: [0.2729010280790769, 2.344908893561913, 5.821431881535648, 0.09295078793473911, 3.4502010532513054, 1.5287991521433455]
          positions: [0.22189040156491333, 2.3402870362449173, 5.830692852991971, 0.0929713072684514, 3.4656163611640003, 1.4782086013675646]
          positions: [0.16964644171841053, 2.336353778628441, 5.838335039424626, 0.09345228088408122, 3.4788349033147425, 1.4258991481452525]
          positions: [0.11641336781978881, 2.333272026411484, 5.844280236303276, 0.09436558837412658, 3.4896082914993265, 1.3721306533775537]
          positions: [0.062467825388730795, 2.3311800112966274, 5.848463722171685, 0.0956987622415313, 3.4977234809378404, 1.3171800211207867]
          positions: [0.008111454372495866, 2.3301807417149702, 5.850837779728659, 0.09745280094352449, 3.503017046759981, 1.2613367776102369]
          positions: [-0.046338589263553824, 2.330333473991769, 5.851374493648156, 0.099641178737515, 3.5053869398996715, 1.2048953876653645]
          positions: [-0.10056047305926138, 2.3316484859268845, 5.850067467720224, 0.10228981879241378, 3.50480005816822, 1.1481451141820624]
          positions: [-0.15423899071304994, 2.3340859961420324, 5.846932226592303, 0.10543795200803066, 3.501294502740955, 1.0913582967862807]
          positions: [-0.20707635097772137, 2.337559417921137, 5.8420052455582825, 0.1091399132152175, 3.4949762039644354, 1.0347779134798556]
          positions: [-0.2588015515857976, 2.3419424303382086, 5.835341743994266, 0.11346805606210997, 3.4860104927264666, 0.9786051362686458]
          positions: [-0.30917764888157145, 2.3470787770736283, 5.827012537140139, 0.11851712944925365, 3.474609934269459, 0.9229872704670173]
          positions: [-0.3580065323380847, 2.3527933989575893, 5.817100332233126, 0.124410687459157, 3.461020159294857, 0.8680059780980801]
          positions: [-0.40513113357298786, 2.3589035093619573, 5.805695867603027, 0.13131045461572705, 3.4455054696364944, 0.813665030278301]
          positions: [-0.45043527929607347, 2.365228478101302, 5.792894237663887, 0.13943015096248, 3.428335719019699, 0.7598759667690331]
          positions: [-0.49384159887784856, 2.37159778653928, 5.778791651795516, 0.14905626187060655, 3.409775519939182, 0.7064388354740949]
          positions: [-0.5353080001736936, 2.377856736226659, 5.763482767440379, 0.160580006225988, 3.3900763473131326, 0.6530132859873987]
          positions: [-0.5748232437527944, 2.383869945475935, 5.747058642259212, 0.17454802285645818, 3.3694717317914815, 0.5990719811767353]
          positions: [-0.6124020950211685, 2.3895229089578125, 5.729605278430072, 0.1917456485629766, 3.3481755458949376, 0.5438219671981773]
          positions: [-0.6480804437590584, 2.3947220203474733, 5.711202687411165, 0.21333964805461716, 3.3263834657904177, 0.48606673260116107]
          positions: [-0.6819106763847802, 2.3993934884069885, 5.691924382448717, 0.2411353851962454, 3.3042781917939807, 0.42395365675464197]
          positions: [-0.7139574856200243, 2.403481543878585, 5.67183720255399, 0.2780685319474386, 3.282040353358017, 0.35448654129658774]
          positions: [-0.7442942164886424, 2.406946268769615, 5.651001379152012, 0.32921365864033186, 3.259870488476074, 0.27252075979038093]
          positions: [-0.7729997811753867, 2.4097613069046973, 5.629470769781553, 0.4040285133580338, 3.238037212579644, 0.1685221673895701]
          positions: [-0.8001564255834183, 2.411910938444203, 5.607292922782478, 0.5216221187739473, 3.2170214022890766, 0.02330136075060644]
          positions: [-0.8258465093480541, 2.41338992015626, 5.584510588660215, 0.724277285504038, 3.197815238733277, -0.20550551328900393]
          positions: [-0.8501527931264105, 2.414199250532647, 5.561160448388059, 1.0984286332583106, 3.1830524895061725, -0.60441500455555]
          positions: [-0.8731559882429081, 2.4143458029841196, 5.537274684109511, 1.688019134084938, 3.1784329983303694, -1.2174503172147748]
          positions: [-0.8949342359117819, 2.413840510369305, 5.51288109176162, 2.217755574345981, 3.1870436140764267, -1.769396183928943]
          positions: [-0.915562510334038, 2.4126974541215356, 5.488003472220378, 2.521707702073619, 3.2034848340377162, -2.094397371910806]
          positions: [-0.935112241641097, 2.4109328098194407, 5.4626619815814, 2.6886042865462563, 3.2230527342921107, -2.281254290273052]
          positions: [-0.9536510994839655, 2.408563943639848, 5.436873441069421, 2.7887165633363753, 3.2438936611364957, -2.400306188176277]
          positions: [-0.9712429013505525, 2.4056088100974202, 5.41065162089355, 2.854179280819329, 3.265304621865629, -2.4837520703614797]
          positions: [-0.9879475271401564, 2.402085724956033, 5.3840076460773245, 2.899932799432728, 3.2869801358744617, -2.5465927240616755]
          positions: [-1.0038213503980895, 2.3980120138722136, 5.356949557510589, 2.933577531625551, 3.308791220803989, -2.5964853978265143]
          positions: [-1.018916799125306, 2.393405331129893, 5.329483508407322, 2.959284921032561, 3.3306566054285653, -2.637654606608205]
          positions: [-1.0332828973637473, 2.3882821338026363, 5.301613207223556, 2.9795339676646138, 3.3525405957761167, -2.672628975380154]
          positions: [-1.0469653359343878, 2.3826579314737324, 5.273340229536013, 2.9958769973753134, 3.374426095145936, -2.703007131565855]
          positions: [-1.060006657834085, 2.3765471442724184, 5.244664113650043, 3.0093328368530914, 3.396307076230278, -2.729851058329467]
          positions: [-1.0724464481433142, 2.369963002028773, 5.21558243116645, 3.0205965804969677, 3.4181844847213982, -2.753896046650167]
          positions: [-1.0843215235446482, 2.3629174709119547, 5.186090833150841, 3.030158077981779, 3.440063891942437, -2.7756693695203025]
          positions: [-1.0956661179029714, 2.3554211986343967, 5.156183072328922, 3.0383721507323527, 3.46195409356778, -2.7955606825264585]
          positions: [-1.1065120614595432, 2.3474834716425685, 5.1258510013756595, 3.0455019355096646, 3.483866248416085, -2.8138655462757245]
          positions: [-1.1168889519789207, 2.3391121790322322, 5.095084546917663, 3.0517465945131383, 3.5058133417574395, -2.83081330819437]
          positions: [-1.1268243168682825, 2.3303137787804054, 5.063871658343639, 3.057259578398458, 3.5278098535473505, -2.8465855289628457]
          positions: [-1.136343765735878, 2.321093262454572, 5.03219822991659, 3.062160987838303, 3.549871562740776, -2.86132849857261]
          positions: [-1.1454711332178167, 2.311454114912421, 5.000047993979773, 3.0665461395559865, 3.5720154469371597, -2.875161947695893]
          positions: [-1.1542286121251997, 2.3013982656700045, 4.967402382218777, 3.0704916271783707, 3.594259652905539, -2.888185244731199]
          positions: [-1.1626368771902378, 2.290926028604478, 4.934240350940776, 3.074059690500159, 3.616623523465458, -2.900481892395476]
          positions: [-1.1707151997472025, 2.2800360264600044, 4.900538165102561, 3.0773014182660448, 3.6391276726310147, -2.9121228493314195]
          positions: [-1.1784815538198503, 2.268725096231161, 4.866269134284207, 3.080259131913687, 3.6617941053858423, -2.92316902470744]
          positions: [-1.1859527140860167, 2.256988170867428, 4.83140329185835, 3.0829681841636587, 3.6846463818938924, -2.93367318026116]
          positions: [-1.193144346221089, 2.2448181318271128, 4.795907006101148, 3.0854583331357373, 3.7077098289053345, -2.943681401102651]
          positions: [-1.200071090170627, 2.23220562572944, 4.759742508727745, 3.0877548045785774, 3.7310118039938778, -2.9532342486043603]
          positions: [-1.2067466368066857, 2.219138836584673, 4.722867322019076, 3.08987912134931, 3.7545820214371886, -2.962367675211942]
          positions: [-1.2131837984939025, 2.205603202662086, 4.685233559932947, 3.0918497577347583, 3.7784529523024726, -2.9711137596282677]
          positions: [-1.2193945740327634, 2.191581063716553, 4.646787070751255, 3.0936826603195553, 3.802660316098532, -2.9795013049838284]
          positions: [-1.225390208380974, 2.1770512196575367, 4.607466378017081, 3.095391665818838, 3.827243687729673, -2.9875563313988294]
          positions: [-1.2311812476235973, 2.16198837523765, 4.5672013614267035, 3.0969888393012184, 3.8522472521909275, -2.9953024876401875]
          positions: [-1.2367775895515172, 2.1463624360574296, 4.525911597889898, 3.0984847498591197, 3.8777207517368453, -3.00276140038567]
          positions: [0.5036040094350626, 2.3722374210423625, 5.7540557585106455, 0.10259745878795122, 3.3495680488067365, 1.7476519296307764]
          positions: [0.4610718501201895, 2.3667592915073925, 5.770024698411783, 0.09888209198904614, 3.371972760378056, 1.7092472316490264]
          positions: [0.41666460792781274, 2.361135440011125, 5.784840531034136, 0.09626768049546455, 3.393481626850236, 1.6678877541244526]
          positions: [0.3704349921769627, 2.3555096468239376, 5.798410819422429, 0.09450742390755441, 3.413861458998327, 1.6238669177509033]
          positions: [0.32247152325628314, 2.350042921173237, 5.810639970991198, 0.09343834106332408, 3.432857733319045, 1.5774283917552716]
          positions: [0.2729010280790769, 2.344908893561913, 5.821431881535648, 0.09295078793473911, 3.4502010532513054, 1.5287991521433455]
          positions: [0.22189040156491333, 2.3402870362449173, 5.830692852991971, 0.0929713072684514, 3.4656163611640003, 1.4782086013675646]
          positions: [0.16964644171841053, 2.336353778628441, 5.838335039424626, 0.09345228088408122, 3.4788349033147425, 1.4258991481452525]
          positions: [0.11641336781978881, 2.333272026411484, 5.844280236303276, 0.09436558837412658, 3.4896082914993265, 1.3721306533775537]
          positions: [0.062467825388730795, 2.3311800112966274, 5.848463722171685, 0.0956987622415313, 3.4977234809378404, 1.3171800211207867]
          positions: [0.008111454372495866, 2.3301807417149702, 5.850837779728659, 0.09745280094352449, 3.503017046759981, 1.2613367776102369]
          positions: [-0.046338589263553824, 2.330333473991769, 5.851374493648156, 0.099641178737515, 3.5053869398996715, 1.2048953876653645]
          positions: [-0.10056047305926138, 2.3316484859268845, 5.850067467720224, 0.10228981879241378, 3.50480005816822, 1.1481451141820624]
          positions: [-0.15423899071304994, 2.3340859961420324, 5.846932226592303, 0.10543795200803066, 3.501294502740955, 1.0913582967862807]
          positions: [-0.20707635097772137, 2.337559417921137, 5.8420052455582825, 0.1091399132152175, 3.4949762039644354, 1.0347779134798556]
          positions: [-0.2588015515857976, 2.3419424303382086, 5.835341743994266, 0.11346805606210997, 3.4860104927264666, 0.9786051362686458]
          positions: [-0.30917764888157145, 2.3470787770736283, 5.827012537140139, 0.11851712944925365, 3.474609934269459, 0.9229872704670173]
          positions: [-0.3580065323380847, 2.3527933989575893, 5.817100332233126, 0.124410687459157, 3.461020159294857, 0.8680059780980801]
          positions: [-0.40513113357298786, 2.3589035093619573, 5.805695867603027, 0.13131045461572705, 3.4455054696364944, 0.813665030278301]
          positions: [-0.45043527929607347, 2.365228478101302, 5.792894237663887, 0.13943015096248, 3.428335719019699, 0.7598759667690331]
          positions: [-0.49384159887784856, 2.37159778653928, 5.778791651795516, 0.14905626187060655, 3.409775519939182, 0.7064388354740949]
          positions: [-0.5353080001736936, 2.377856736226659, 5.763482767440379, 0.160580006225988, 3.3900763473131326, 0.6530132859873987]
          positions: [-0.5748232437527944, 2.383869945475935, 5.747058642259212, 0.17454802285645818, 3.3694717317914815, 0.5990719811767353]
          positions: [-0.6124020950211685, 2.3895229089578125, 5.729605278430072, 0.1917456485629766, 3.3481755458949376, 0.5438219671981773]
          positions: [-0.6480804437590584, 2.3947220203474733, 5.711202687411165, 0.21333964805461716, 3.3263834657904177, 0.48606673260116107]
          positions: [-0.6819106763847802, 2.3993934884069885, 5.691924382448717, 0.2411353851962454, 3.3042781917939807, 0.42395365675464197]
          positions: [-0.7139574856200243, 2.403481543878585, 5.67183720255399, 0.2780685319474386, 3.282040353358017, 0.35448654129658774]
          positions: [-0.7442942164886424, 2.406946268769615, 5.651001379152012, 0.32921365864033186, 3.259870488476074, 0.27252075979038093]
          positions: [-0.7729997811753867, 2.4097613069046973, 5.629470769781553, 0.4040285133580338, 3.238037212579644, 0.1685221673895701]
          positions: [-0.8001564255834183, 2.411910938444203, 5.607292922782478, 0.5216221187739473, 3.2170214022890766, 0.02330136075060644]
          positions: [-0.8258465093480541, 2.41338992015626, 5.584510588660215, 0.724277285504038, 3.197815238733277, -0.20550551328900393]
          positions: [-0.8501527931264105, 2.414199250532647, 5.561160448388059, 1.0984286332583106, 3.1830524895061725, -0.60441500455555]
          positions: [-0.8731559882429081, 2.4143458029841196, 5.537274684109511, 1.688019134084938, 3.1784329983303694, -1.2174503172147748]
          positions: [-0.8949342359117819, 2.413840510369305, 5.51288109176162, 2.217755574345981, 3.1870436140764267, -1.769396183928943]
          positions: [-0.915562510334038, 2.4126974541215356, 5.488003472220378, 2.521707702073619, 3.2034848340377162, -2.094397371910806]
          positions: [-0.935112241641097, 2.4109328098194407, 5.4626619815814, 2.6886042865462563, 3.2230527342921107, -2.281254290273052]
          positions: [-0.9536510994839655, 2.408563943639848, 5.436873441069421, 2.7887165633363753, 3.2438936611364957, -2.400306188176277]
          positions: [-0.9712429013505525, 2.4056088100974202, 5.41065162089355, 2.854179280819329, 3.265304621865629, -2.4837520703614797]
          positions: [-0.9879475271401564, 2.402085724956033, 5.3840076460773245, 2.899932799432728, 3.2869801358744617, -2.5465927240616755]
          positions: [-1.0038213503980895, 2.3980120138722136, 5.356949557510589, 2.933577531625551, 3.308791220803989, -2.5964853978265143]
          positions: [-1.018916799125306, 2.393405331129893, 5.329483508407322, 2.959284921032561, 3.3306566054285653, -2.637654606608205]
          positions: [-1.0332828973637473, 2.3882821338026363, 5.301613207223556, 2.9795339676646138, 3.3525405957761167, -2.672628975380154]
          positions: [-1.0469653359343878, 2.3826579314737324, 5.273340229536013, 2.9958769973753134, 3.374426095145936, -2.703007131565855]
          positions: [-1.060006657834085, 2.3765471442724184, 5.244664113650043, 3.0093328368530914, 3.396307076230278, -2.729851058329467]
          positions: [-1.0724464481433142, 2.369963002028773, 5.21558243116645, 3.0205965804969677, 3.4181844847213982, -2.753896046650167]
          positions: [-1.0843215235446482, 2.3629174709119547, 5.186090833150841, 3.030158077981779, 3.440063891942437, -2.7756693695203025]
          positions: [-1.0956661179029714, 2.3554211986343967, 5.156183072328922, 3.0383721507323527, 3.46195409356778, -2.7955606825264585]
          positions: [-1.1065120614595432, 2.3474834716425685, 5.1258510013756595, 3.0455019355096646, 3.483866248416085, -2.8138655462757245]
          positions: [-1.1168889519789207, 2.3391121790322322, 5.095084546917663, 3.0517465945131383, 3.5058133417574395, -2.83081330819437]
          positions: [-1.1268243168682825, 2.3303137787804054, 5.063871658343639, 3.057259578398458, 3.5278098535473505, -2.8465855289628457]
          positions: [-1.136343765735878, 2.321093262454572, 5.03219822991659, 3.062160987838303, 3.549871562740776, -2.86132849857261]
          positions: [-1.1454711332178167, 2.311454114912421, 5.000047993979773, 3.0665461395559865, 3.5720154469371597, -2.875161947695893]
          positions: [-1.1542286121251997, 2.3013982656700045, 4.967402382218777, 3.0704916271783707, 3.594259652905539, -2.888185244731199]
          positions: [-1.1626368771902378, 2.290926028604478, 4.934240350940776, 3.074059690500159, 3.616623523465458, -2.900481892395476]
          positions: [-1.1707151997472025, 2.2800360264600044, 4.900538165102561, 3.0773014182660448, 3.6391276726310147, -2.9121228493314195]
          positions: [-1.1784815538198503, 2.268725096231161, 4.866269134284207, 3.080259131913687, 3.6617941053858423, -2.92316902470744]
          positions: [-1.1859527140860167, 2.256988170867428, 4.83140329185835, 3.0829681841636587, 3.6846463818938924, -2.93367318026116]
          positions: [-1.193144346221089, 2.2448181318271128, 4.795907006101148, 3.0854583331357373, 3.7077098289053345, -2.943681401102651]
          positions: [-1.200071090170627, 2.23220562572944, 4.759742508727745, 3.0877548045785774, 3.7310118039938778, -2.9532342486043603]
          positions: [-1.2067466368066857, 2.219138836584673, 4.722867322019076, 3.08987912134931, 3.7545820214371886, -2.962367675211942]
          positions: [-1.2131837984939025, 2.205603202662086, 4.685233559932947, 3.0918497577347583, 3.7784529523024726, -2.9711137596282677]
          positions: [-1.2193945740327634, 2.191581063716553, 4.646787070751255, 3.0936826603195553, 3.802660316098532, -2.9795013049838284]
          positions: [-1.225390208380974, 2.1770512196575367, 4.607466378017081, 3.095391665818838, 3.827243687729673, -2.9875563313988294]
          positions: [-1.2311812476235973, 2.16198837523765, 4.5672013614267035, 3.0969888393012184, 3.8522472521909275, -2.9953024876401875]
          positions: [-1.2367775895515172, 2.1463624360574296, 4.525911597889898, 3.0984847498591197, 3.8777207517368453, -3.00276140038567]
