          positions: [0.0, 0.8203, 0.3316, 0.0, 0.6093, 0.0]
          positions: [0.0, 0.820304748437, 0.331612557879, 0.0, 0.6093, 0.0]
          positions: [0.0, 0.8203504805942768, 0.3316578383123536, 0.0, 0.6093375861770197, -1.5473286296725807e-05]
          positions: [0.0, 0.820665101457335, 0.331969351476604, 0.0, 0.6095961656133978, -0.00012192395424875843]
          positions: [0.0, 0.8215025134972398, 0.3327984918959537, 0.0, 0.610284414737089, -0.00040525885496851073]
          positions: [0.0, 0.8231005744430561, 0.33438076783613624, 0.0, 0.6115978231825759, -0.0009459561674629924]
          positions: [0.0, 0.8256814315473072, 0.3369361322681352, 0.0, 0.6137189685157324, -0.0018191784959693395]
          positions: [0.0, 0.8294518558514321, 0.3406693138319015, 0.0, 0.616817790958688, -0.0030948859672903424]
          positions: [0.0, 0.8346035764512448, 0.3457701478000721, 0.0, 0.6210518681146917, -0.0048379493281299766]
          positions: [0.0, 0.8413136147623923, 0.35241390704168746, 0.0, 0.626566689692976, -0.007108263042428935]
          positions: [0.0, 0.8497446187858128, 0.36076163298591035, 0.0, 0.633495932233621, -0.009960858388700146]
          positions: [0.0, 0.8600451973731935, 0.3709604665857434, 0.0, 0.641961733832418, -0.013446016557364313]
          positions: [0.0, 0.872350254492431, 0.3831439792817474, 0.0, 0.6520749688657344, -0.017609381748085438]
          positions: [0.0, 0.886781323493087, 0.39743250396575946, 0.0, 0.6639355227153766, -0.02249207426710638]
          positions: [0.0, 0.9034469013718482, 0.4139334659446109, 0.0, 0.6776325664934549, -0.02813080362458432]
          positions: [0.0, 0.9224427830379845, 0.4327417139038456, 0.0, 0.6932448317672474, -0.034557981631926325]
          positions: [0.0, 0.9438523955788072, 0.45393985087143773, 0.0, 0.7108408852840631, -0.041801835499124924]
          positions: [0.0, 0.967747132525127, 0.4775985651815103, 0.0, 0.7304794036961072, -0.04988652093209358]
          positions: [0.0, 0.9941866881167125, 0.5037769614380531, 0.0, 0.7522094482853443, -0.05883223523000218]
          positions: [0.0, 1.0232193915677494, 0.5325228914786404, 0.0, 0.7760707396883628, -0.06865533038261272]
          positions: [0.0, 1.0548825413322973, 0.5638732853381494, 0.0, 0.8020939326212385, -0.0793684261676146]
          positions: [0.0, 1.0892027393697497, 0.5978544822124787, 0.0, 0.8303008906043988, -0.09098052324796041]
          positions: [0.0, 1.1261962254102906, 0.6344825614222656, 0.0, 0.8607049606874871, -0.10349711626920124]
          positions: [0.0, 1.1658692112203544, 0.6737636733766045, 0.0, 0.8933112481742261, -0.1169203069568223]
          positions: [0.0, 1.2082182148680836, 0.7156943705367657, 0.0, 0.9281168913472824, -0.13124891721357868]
          positions: [0.0, 1.2532303949887864, 0.760261938379912, 0.0, 0.9651113361931303, -0.14647860221683026]
          positions: [0.0, 1.3008838850503968, 0.8074447263628184, 0.0, 1.004276611126916, -0.16260196351587797]
          positions: [0.0, 1.3511481276189303, 0.8572124788855888, 0.0, 1.0455876017173207, -0.17960866212929877]
          positions: [0.0, 1.403984208623946, 0.9095266662553751, 0.0, 1.089012325411426, -0.19748553164228136]
          positions: [0.0, 1.4593451916240023, 0.9643408156500949, 0.0, 1.134512206259577, -0.2162166913039621]
          positions: [0.0, 1.5171764520721136, 1.0216008420821507, 0.0, 1.1820423496402468, -0.23578365912475982]
          positions: [0.0, 1.5774160115812133, 1.0812453793621442, 0.0, 1.2315518169848991, -0.2561654649737116]
          positions: [0.0, 1.6399948721896085, 1.1432061110625993, 0.0, 1.2829839005028556, -0.27733876367580906]
          positions: [0.0, 1.7048373506264396, 1.2074081014816787, 0.0, 1.3362763979061556, -0.29927794810933234]
          positions: [0.0, 1.7718614125771386, 1.2737701266068986, 0.0, 1.3913618871344238, -0.32195526230318716]
          positions: [0.0, 1.840979006948887, 1.3422050050788523, 0.0, 1.4481680010797309, -0.34534091453423954]
          positions: [0.0, 1.9120964001360754, 1.4126199291549233, 0.0, 1.5066177023114617, -0.3694031904246516]
          positions: [0.0, 1.9851145102857595, 1.4849167956730072, 0.0, 1.5666295578011746, -0.3941085660392166]
          positions: [0.0, 2.0599292415631214, 1.5589925370152269, 0.0, 1.628118013647469, -0.4194218209826953]
          positions: [0.0, 2.1364318184169253, 1.6347394520716525, 0.0, 1.6909936698008492, -0.4453061514971509]
          positions: [0.0, 2.214509119844978, 1.7120455372040204, 0.0, 1.7551635547885844, -0.4717232835592849]
          positions: [0.0, 2.294044013659584, 1.7907948172094468, 0.0, 1.8205314004395785, -0.4986335859777719]
          positions: [0.0, 2.3749156907530096, 1.8708676762841514, 0.0, 1.8869979166092292, -0.5259961834905962]
          positions: [0.0, 2.4569999993629343, 1.952141188987172, 0.0, 1.954461065904297, -0.5537690698623869]
          positions: [0.0, 2.540169779337915, 2.0344894512040836, 0.0, 2.0228163384077624, -0.5819092209817527]
          positions: [0.0, 2.6242951964028385, 2.117783911110715, 0.0, 2.091957026403696, -0.6103727079586183]
          positions: [0.0, 2.7092440764243886, 2.201893700136872, 0.0, 2.1617744991021217, -0.6391148102215605]
          positions: [0.0, 2.794882239676494, 2.28668596393005, 0.0, 2.232158477363876, -0.6680901286151422]
          positions: [0.0, 2.881073835105793, 2.3720261933191513, 0.0, 2.3029973084254785, -0.6972526984972481]
          positions: [0.0, 2.967681674597094, 2.4577785552782103, 0.0, 2.374178240623991, -0.726556102836422]
          positions: [0.0, 3.0545675672388244, 2.5438062238901034, 0.0, 2.4455876981218827, -0.7559535853092001]
          positions: [0.0, 3.1415926535885, 2.629971711310273, 0.0, 2.5171115556318964, -0.7853981633974484]
          positions: [0.0, 3.2286177399381755, 2.716137198730443, 0.0, 2.58863541314191, -0.8148427414856965]
          positions: [0.0, 3.3155036325799063, 2.8021648673423356, 0.0, 2.660044870639802, -0.8442402239584749]
          positions: [0.0, 3.402111472071205, 2.8879172293013933, 0.0, 2.731225802838313, -0.8735436282976481]
          positions: [0.0, 3.488303067500505, 2.9732574586904947, 0.0, 2.8020646338999153, -0.9027061981797542]
          positions: [0.0, 3.5739412307526117, 3.058049722483672, 0.0, 2.872448612161671, -0.9316815165733355]
          positions: [0.0, 3.658890110774162, 3.1421595115098295, 0.0, 2.942266084860096, -0.9604236188362777]
          positions: [0.0, 3.743015527839085, 3.225453971416462, 0.0, 3.01140677285603, -0.9888871058131438]
          positions: [0.0, 3.8261853078140655, 3.3078022336333754, 0.0, 3.0797620453594963, -1.0170272569325096]
          positions: [0.0, 3.90826961642399, 3.3890757463363945, 0.0, 3.1472251946545624, -1.0448001433043002]
          positions: [0.0, 3.9891412935174153, 3.4691486054110996, 0.0, 3.2136917108242136, -1.0721627408171244]
          positions: [0.0, 4.06867618733202, 3.547897885416525, 0.0, 3.2790595564752065, -1.0990730432356117]
          positions: [0.0, 4.1467534887600745, 3.625203970548893, 0.0, 3.3432294414629427, -1.1254901752977453]
          positions: [0.0, 4.223256065613878, 3.7009508856053195, 0.0, 3.4061050976163227, -1.1513745058122011]
          positions: [0.0, 4.298070796891242, 3.7750266269475383, 0.0, 3.467593553462616, -1.17668776075568]
          positions: [0.0, 4.371088907040926, 3.847323493465622, 0.0, 3.5276054089523297, -1.201393136370245]
          positions: [0.0, 4.442206300228113, 3.917738417541693, 0.0, 3.5860551101840605, -1.2254554122606567]
          positions: [0.0, 4.51132389459986, 3.986173296013645, 0.0, 3.6428612241293683, -1.248841064491709]
          positions: [0.0, 4.5783479565505605, 4.052535321138867, 0.0, 3.6979467133576347, -1.2715183786855635]
          positions: [0.0, 4.643190434987392, 4.116737311557944, 0.0, 3.751239210760935, -1.293457563119087]
          positions: [0.0, 4.705769295595786, 4.178698043258402, 0.0, 3.802671294278891, -1.3146308618211846]
          positions: [0.0, 4.766008855104888, 4.238342580538395, 0.0, 3.8521807616235453, -1.3350126676701368]
          positions: [0.0, 4.823840115552996, 4.295602606970452, 0.0, 3.8997109050042154, -1.354579635490934]
          positions: [0.0, 4.879201098553054, 4.350416756365171, 0.0, 3.9452107858523675, -1.3733107951526144]
          positions: [0.0, 4.932037179558068, 4.402730943734962, 0.0, 3.9886355095464703, -1.3911876646655976]
          positions: [0.0, 4.982301422126604, 4.452498696257729, 0.0, 4.0299465001368775, -1.4081943632790184]
          positions: [0.0, 5.029954912188215, 4.499681484240635, 0.0, 4.069111775070665, -1.4243177245780658]
          positions: [0.0, 5.074967092308915, 4.544249052083781, 0.0, 4.106106219916511, -1.4395474095813174]
          positions: [0.0, 5.117316095956648, 4.5861797492439464, 0.0, 4.140911863089568, -1.453876019838075]
          positions: [0.0, 5.156989081766708, 4.625460861198283, 0.0, 4.173518150576306, -1.4672992105256952]
          positions: [0.0, 5.193982567807248, 4.66208894040807, 0.0, 4.203922220659396, -1.4798158035469364]
          positions: [0.0, 5.228302765844701, 4.696070137282399, 0.0, 4.2321291786425554, -1.4914279006272815]
          positions: [0.0, 5.25996591560925, 4.727420531141908, 0.0, 4.258152371575429, -1.5021409964122832]
          positions: [0.0, 5.288998619060287, 4.756166461182493, 0.0, 4.282013662978448, -1.5119640915648924]
          positions: [0.0, 5.315438174651874, 4.782344857439037, 0.0, 4.303743707567689, -1.5209098058628032]
          positions: [0.0, 5.339332911598195, 4.806003571749109, 0.0, 4.32338222597973, -1.528994491295772]
          positions: [0.0, 5.3607425241390185, 4.827201708716702, 0.0, 4.34097827949655, -1.5362383451629693]
          positions: [0.0, 5.379738405805149, 4.846009956675939, 0.0, 4.356590544770336, -1.542665523170312]
          positions: [0.0, 5.396403983683916, 4.862510918654786, 0.0, 4.370287588548415, -1.5483042525277906]
          positions: [0.0, 5.410835052684568, 4.8767994433388, 0.0, 4.382148142398057, -1.5531869450468117]
          positions: [0.0, 5.423140109803814, 4.888982956034802, 0.0, 4.392261377431375, -1.5573503102375312]
          positions: [0.0, 5.433440688391194, 4.8991817896346355, 0.0, 4.4007271790301665, -1.5608354684061974]
          positions: [0.0, 5.441871692414612, 4.9075295155788545, 0.0, 4.407656421570815, -1.5636880637524682]
          positions: [0.0, 5.44858173072576, 4.914173274820467, 0.0, 4.413171243149101, -1.5659583774667665]
          positions: [0.0, 5.453733451325565, 4.919274108788638, 0.0, 4.417405320305097, -1.5677014408276078]
          positions: [0.0, 5.457503875629694, 4.923007290352405, 0.0, 4.420504142748051, -1.568977148298928]
          positions: [0.0, 5.46008473273395, 4.925562654784411, 0.0, 4.422625288081214, -1.5698503706274352]
          positions: [0.0, 5.46168279367976, 4.927144930724587, 0.0, 4.423938696526697, -1.5703910679399282]
          positions: [0.0, 5.462520205719667, 4.927974071143943, 0.0, 4.424626945650395, -1.5706744028406483]
          positions: [0.0, 5.462834826582721, 4.928285584308188, 0.0, 4.4248855250867685, -1.570780853508598]
          positions: [0.0, 5.46288055874, 4.928330864741547, 0.0, 4.424923111263793, -1.5707963267948966]
          positions: [0.0, 0.8552113334772214, 0.4537856055185257, 0.0, 0.7155849933176751, 1.5707963267948966]
          positions: [-0.003283852891613639, 0.9076259610871774, 0.5553587094124565, -0.05177108745842886, 0.8352463584828786, 1.559567306925283]
          positions: [-0.006567705783227278, 0.9600405886971334, 0.6569318133063873, -0.10354217491685772, 0.9549077236480822, 1.548338287055669]
          positions: [-0.009851558674840917, 1.0124552163070892, 0.758504917200318, -0.1553132623752866, 1.074569088813286, 1.5371092671860553]
          positions: [-0.013135411566454556, 1.0648698439170452, 0.8600780210942487, -0.20708434983371543, 1.1942304539784894, 1.5258802473164415]
          positions: [-0.016419264458068194, 1.1172844715270012, 0.9616511249881794, -0.2588554372921443, 1.3138918191436928, 1.5146512274468278]
          positions: [-0.019703117349681835, 1.1696990991369574, 1.0632242288821103, -0.3106265247505732, 1.4335531843088964, 1.5034222075772141]
          positions: [-0.022986970241295472, 1.222113726746913, 1.164797332776041, -0.362397612209002, 1.5532145494741, 1.4921931877076002]
          positions: [-0.026270823132909113, 1.274528354356869, 1.2663704366699717, -0.41416869966743086, 1.6728759146393035, 1.4809641678379866]
          positions: [-0.02955467602452275, 1.326942981966825, 1.3679435405639024, -0.4659397871258597, 1.792537279804507, 1.4697351479683727]
          positions: [-0.03283852891613639, 1.379357609576781, 1.4695166444578331, -0.5177108745842885, 1.9121986449697106, 1.458506128098759]
          positions: [-0.03612238180775003, 1.431772237186737, 1.571089748351764, -0.5694819620427174, 2.0318600101349142, 1.4472771082291453]
          positions: [-0.03940623469936367, 1.4841868647966932, 1.672662852245695, -0.6212530495011463, 2.151521375300118, 1.4360480883595315]
          positions: [-0.04269008759097731, 1.536601492406649, 1.7742359561396257, -0.6730241369595752, 2.2711827404653215, 1.4248190684899178]
          positions: [-0.045973940482590944, 1.5890161200166049, 1.8758090600335564, -0.724795224418004, 2.390844105630525, 1.413590048620304]
          positions: [-0.049257793374204585, 1.6414307476265608, 1.9773821639274871, -0.7765663118764329, 2.5105054707957284, 1.4023610287506902]
          positions: [-0.12284206553388416, 1.6625565680007914, 2.134073164792994, -0.7319311449779962, 2.5263169438698494, 1.420154362419991]
          positions: [-0.19642633769356374, 1.6836823883750223, 2.2907641656585005, -0.6872959780795594, 2.5421284169439704, 1.4379476960892918]
          positions: [-0.2700106098532433, 1.7048082087492529, 2.4474551665240076, -0.6426608111811227, 2.557939890018091, 1.4557410297585927]
          positions: [-0.34359488201292293, 1.7259340291234837, 2.6041461673895143, -0.598025644282686, 2.573751363092212, 1.4735343634278935]
          positions: [-0.41717915417260254, 1.7470598494977143, 2.760837168255021, -0.5533904773842493, 2.589562836166333, 1.4913276970971943]
          positions: [-0.4907634263322821, 1.7681856698719451, 2.917528169120528, -0.5087553104858127, 2.605374309240454, 1.509121030766495]
          positions: [-0.5643476984919616, 1.7893114902461758, 3.0742191699860344, -0.4641201435873759, 2.6211857823145746, 1.5269143644357959]
          positions: [-0.6379319706516412, 1.8104373106204066, 3.2309101708515415, -0.4194849766889392, 2.6369972553886956, 1.5447076981050967]
          positions: [-0.7115162428113209, 1.8315631309946372, 3.387601171717048, -0.3748498097905025, 2.6528087284628166, 1.5625010317743975]
          positions: [-0.7851005149710004, 1.852688951368868, 3.544292172582555, -0.33021464289206576, 2.6686202015369376, 1.580294365443698]
          positions: [-0.8586847871306801, 1.8738147717430986, 3.700983173448062, -0.28557947599362904, 2.6844316746110586, 1.598087699112999]
          positions: [-0.9322690592903595, 1.8949405921173295, 3.8576741743135687, -0.24094430909519238, 2.700243147685179, 1.6158810327822997]
          positions: [-1.0058533314500393, 1.91606641249156, 4.014365175179076, -0.19630914219675566, 2.7160546207593, 1.6336743664516005]
          positions: [-1.0794376036097189, 1.9371922328657907, 4.171056176044582, -0.15167397529831894, 2.731866093833421, 1.6514677001209013]
          positions: [-1.1530218757693984, 1.9583180532400215, 4.327747176910089, -0.10703880839988222, 2.747677566907542, 1.669261033790202]
          positions: [-1.226606147929078, 1.9794438736142523, 4.484438177775596, -0.062403641501445506, 2.763489039981663, 1.6870543674595029]
          positions: [-1.3001904200887577, 2.000569693988483, 4.641129178641103, -0.017768474603008788, 2.7793005130557837, 1.7048477011288037]
          positions: [-1.3737746922484373, 2.0216955143627136, 4.797820179506609, 0.02686669229542793, 2.7951119861299047, 1.7226410347981045]
          positions: [-1.4473589644081168, 2.0428213347369444, 4.9545111803721165, 0.07150185919386463, 2.8109234592040258, 1.7404343684674053]
          positions: [0.0, 0.8552113334772214, 0.4537856055185257, 0.0, 0.7155849933176751, 1.5707963267948966]
          positions: [-1.1060814102299699e-08, 0.8417948057324662, 0.48532326656642516, -1.7043335448073838e-08, 0.7258201215948075, 1.5707963478282885]
          positions: [-2.214284973943697e-08, 0.8307196551933956, 0.5168309460509696, -3.1240900472313555e-08, 0.7336838911028546, 1.5707963713491244]
          positions: [-3.289363122616247e-08, 0.8216633567045903, 0.5483781873883843, -4.428776957692742e-08, 0.7395683704135765, 1.570796395928896]
          positions: [-3.054906714695692, 3.769276575352501, 0.580022140106893, 0.08408638852572935, 2.11596992844995, -1.5659720045301186]
          positions: [-3.058499426811045, 3.7646024078853286, 0.6118088568179403, 0.08242990211066978, 2.1870146519046285, -1.5696573297726186]
          positions: [-3.061839225619698, 3.7618865980913836, 0.6437793533625024, 0.08126183761421596, 2.256305633455693, -1.573213295134386]
          positions: [-3.0649506057360725, 3.760941025327076, 0.675967326958683, 0.080583008335717, 2.3240596432319895, -1.5767362043509052]
          positions: [-3.0678550441287475, 3.76160561585922, 0.7084028231755718, 0.08041632690233841, 2.3904626774985647, -1.5803256213649814]
          positions: [-3.070571422395238, 3.763743342139233, 0.7411127248325862, 0.08081129615566836, 2.4556750952208946, -1.5840933526920815]
          positions: [-3.073116407262022, 3.767236199468585, 0.7741215430755894, 0.0818525288965025, 2.519836145944792, -1.5881751539922173]
          positions: [-3.075504766075391, 3.771982048836736, 0.8074520468348215, 0.08367501412390643, 2.583067457199543, -1.5927483666655464]
          positions: [-3.0777496298174474, 3.7778921129175225, 0.8411257758722135, 0.08649142519697901, 2.6454756713497036, -1.5980610145679612]
          positions: [-3.079862713591231, 3.7848889718763488, 0.8751634697192698, 0.09064271575934876, 2.7071542958780497, -1.6044837671632577]
          positions: [-3.0818545023595876, 3.792904946742023, 0.9095854361227869, 0.09669764106775217, 2.768184643964069, -1.6126105182275265]
          positions: [-3.0837344081586973, 3.8018807866676445, 0.9444118765810582, 0.10566559778301637, 2.828635334155791, -1.6234720521183716]
          positions: [-3.085510903730157, 3.8117645954248625, 0.9796631818235109, 0.1195067799038767, 2.888558652521603, -1.6390468520828747]
          positions: [-3.0871916364059415, 3.8225109392923198, 1.0153602037889546, 0.14256743423905172, 2.94797793427189, -1.6636968757207233]
          positions: [-3.0887835425317776, 3.8340805043394517, 1.0515247872812254, 0.18669429944135735, 3.0068283889955154, -1.7092822694802567]
          positions: [-3.0902928723312284, 3.8464384857621248, 1.0881791944311452, 0.2991868989722904, 3.064695302947282, -1.8231144922456841]
          positions: [-3.0917253472531434, 3.859555322653146, 1.125347525280311, 0.9450439855350385, 3.1163657157815954, -2.470202352589479]
          positions: [-3.09308617130302, 5.440330990943142, 5.120129981380541, -0.02820991740979524, 5.575289200692814, -1.547322218590232]
          positions: [-3.094380080172333, 5.43285678818346, 5.081855288929156, -0.02522363311259028, 5.579197145073444, -1.545721986873282]
          positions: [-3.0956114389263285, 5.4248808604168355, 5.042983898077369, -0.02233816812958818, 5.583007410218229, -1.5442070786789945]
          positions: [-3.096784221920808, 5.416405920099226, 5.003483405030545, -0.019548827663432702, 5.58668527879195, -1.5427729816331344]
          positions: [-3.0979020870934697, 5.407431628965148, 4.9633182221198044, -0.016851618075769317, 5.5901958647727685, -1.5414159938304106]
          positions: [-3.098968399541659, 5.397954543724562, 4.922449069119301, -0.014243267549655186, 5.5935036537278995, -1.5401332236820482]
          positions: [-3.0999862601341306, 5.387968002015533, 4.880832338992443, -0.011721174739858786, 5.596571989321435, -1.538922528198391]
          positions: [-3.100958530837185, 5.377461934663876, 4.83841934270733, -0.009283367577677686, 5.5993625115352845, -1.5377824645627465]
          positions: [-3.101887857187692, 5.3664225928222, 4.795155399698195, -0.006928470877342199, 5.601834524800197, -1.53671225341887]
          positions: [-3.102776688243291, 5.354832173422378, 4.7509787299248565, -0.004655682029337608, 5.603944268708669, -1.5357117531415707]
          positions: [-3.103627294421056, 5.342668319477036, 4.70581908857901, -0.002464753339364355, 5.605644055960815, -1.534781443506717]
          positions: [-3.104441783377503, 5.329903462230148, 4.659596063327602, -0.0003559815093252977, 5.60688123052831, -1.5339224197450214]
          positions: [-3.1052221142671397, 5.316503958583561, 4.612216923376933, 0.0016697966146274833, 5.607596881992988, -1.5331363963554396]
          positions: [-3.105970110480289, 5.302428957452075, 4.563573864624618, 0.0036112008841971553, 5.607724226750538, -1.532425722749876]
          positions: [-3.1066874711673993, 5.287628899135179, 4.5135404274795485, 0.005466297471095149, 5.607186528648854, -1.5317934115318776]
          positions: [-3.107375781520517, 5.27204350646497, 4.4619667598109825, 0.007232578090982982, 5.605894372839577, -1.5312431846492083]
          positions: [0.0, 0.8552113334772214, 0.4537856055185257, 0.0, 0.7155849933176751, 1.5707963267948966]
          positions: [0.003643130157900587, 0.942005039575763, 0.5535328500935512, -0.014288060997349689, 0.8003092798590454, 1.5253094652753836]
          positions: [0.007286260315801174, 1.0287987456743044, 0.6532800946685768, -0.028576121994699378, 0.8850335664004156, 1.4798226037558708]
          positions: [0.01092939047370176, 1.115592451772846, 0.7530273392436024, -0.04286418299204906, 0.9697578529417858, 1.4343357422363578]
          positions: [0.014572520631602349, 1.2023861578713875, 0.852774583818628, -0.057152243989398756, 1.0544821394831563, 1.388848880716845]
          positions: [0.018215650789502935, 1.289179863969929, 0.9525218283936536, -0.07144030498674844, 1.1392064260245265, 1.3433620191973321]
          positions: [0.02185878094740352, 1.3759735700684703, 1.0522690729686792, -0.08572836598409812, 1.2239307125658967, 1.2978751576778191]
          positions: [0.025501911105304108, 1.4627672761670119, 1.1520163175437048, -0.10001642698144782, 1.308654999107267, 1.2523882961583064]
          positions: [0.029145041263204698, 1.5495609822655534, 1.2517635621187304, -0.11430448797879751, 1.3933792856486371, 1.2069014346387934]
          positions: [0.03278817142110529, 1.636354688364095, 1.351510806693756, -0.1285925489761472, 1.4781035721900075, 1.1614145731192806]
          positions: [0.03643130157900587, 1.7231483944626365, 1.4512580512687816, -0.14288060997349689, 1.5628278587313778, 1.1159277115997677]
          positions: [-0.031007831584157153, 1.7376818272338883, 1.610503575970026, -0.13313996669028277, 1.6195579530558037, 1.1443184550793384]
          positions: [-0.09844696474732018, 1.7522152600051404, 1.76974910067127, -0.12339932340706868, 1.6762880473802297, 1.1727091985589093]
          positions: [-0.1658860979104832, 1.7667486927763922, 1.928994625372514, -0.11365868012385458, 1.7330181417046557, 1.20109994203848]
          positions: [-0.23332523107364622, 1.781282125547644, 2.0882401500737586, -0.10391803684064047, 1.7897482360290817, 1.2294906855180507]
          positions: [-0.30076436423680925, 1.795815558318896, 2.2474856747750027, -0.09417739355742638, 1.8464783303535077, 1.2578814289976215]
          positions: [-0.36820349739997227, 1.810348991090148, 2.406731199476247, -0.08443675027421227, 1.9032084246779335, 1.2862721724771924]
          positions: [-0.43564263056313535, 1.8248824238613999, 2.5659767241774913, -0.07469610699099817, 1.9599385190023597, 1.314662915956763]
          positions: [-0.5030817637262983, 1.8394158566326517, 2.7252222488787354, -0.06495546370778406, 2.0166686133267855, 1.3430536594363338]
          positions: [-0.5705208968894614, 1.8539492894039036, 2.8844677735799795, -0.055214820424569946, 2.0733987076512115, 1.3714444029159045]
          positions: [-0.6379600300526244, 1.8684827221751557, 3.0437132982812236, -0.04547417714135586, 2.1301288019756375, 1.3998351463954755]
          positions: [-0.7053991632157874, 1.8830161549464075, 3.2029588229824677, -0.03573353385814175, 2.1868588963000635, 1.4282258898750462]
          positions: [-0.7728382963789504, 1.8975495877176594, 3.3622043476837122, -0.025992890574927652, 2.2435889906244895, 1.4566166333546169]
          positions: [-0.8402774295421135, 1.9120830204889114, 3.5214498723849568, -0.01625224729171354, 2.3003190849489155, 1.4850073768341878]
          positions: [-0.9077165627052766, 1.9266164532601633, 3.6806953970862004, -0.006511604008499455, 2.3570491792733415, 1.5133981203137585]
          positions: [-0.9751556958684395, 1.9411498860314151, 3.839940921787445, 0.003229039274714657, 2.4137792735977674, 1.5417888637933292]
          positions: [-1.0425948290316025, 1.955683318802667, 3.9991864464886895, 0.012969682557928769, 2.4705093679221934, 1.5701796072729]
          positions: [-1.1100339621947657, 1.970216751573919, 4.158431971189933, 0.022710325841142853, 2.5272394622466194, 1.5985703507524707]
          positions: [-1.1774730953579287, 1.984750184345171, 4.317677495891178, 0.03245096912435699, 2.5839695565710454, 1.6269610942320416]
          positions: [-1.2449122285210916, 1.9992836171164228, 4.476923020592421, 0.04219161240757108, 2.6406996508954714, 1.6553518377116123]
          positions: [-1.3123513616842546, 2.013817049887675, 4.636168545293666, 0.05193225569078516, 2.6974297452198974, 1.6837425811911833]
          positions: [-1.3797904948474178, 2.0283504826589267, 4.79541406999491, 0.0616728989739993, 2.7541598395443234, 1.712133324670754]
          positions: [-1.4472296280105807, 2.0428839154301786, 4.954659594696154, 0.07141354225721339, 2.8108899338687494, 1.7405240681503247]
