          positions: [0.0, 0.8203, 0.3316, 0.0, 0.6093, 0.0]
          positions: [0.0, 0.820304748437, 0.331612557879, 0.0, 0.6093, 0.0]
          positions: [0.0, 0.8203504805942768, 0.3316578383123536, 0.0, 0.6093375861770197, -1.5473286296725807e-05]
          positions: [0.0, 0.820665101457335, 0.331969351476604, 0.0, 0.6095961656133978, -0.00012192395424875843]
          positions: [0.0, 0.8215025134972398, 0.3327984918959537, 0.0, 0.610284414737089, -0.00040525885496851073]
          positions: [0.0, 0.8231005744430561, 0.33438076783613624, 0.0, 0.6115978231825759, -0.0009459561674629924]
          positions: [0.0, 0.8256814315473072, 0.3369361322681352, 0.0, 0.6137189685157324, -0.0018191784959693395]
          positions: [0.0, 0.8294518558514321, 0.3406693138319015, 0.0, 0.616817790958688, -0.0030948859672903424]
          positions: [0.0, 0.8346035764512448, 0.3457701478000721, 0.0, 0.6210518681146917, -0.0048379493281299766]
          positions: [0.0, 0.8413136147623923, 0.35241390704168746, 0.0, 0.626566689692976, -0.007108263042428935]
          positions: [0.0, 0.8497446187858128, 0.36076163298591035, 0.0, 0.633495932233621, -0.009960858388700146]
          positions: [0.0, 0.8600451973731935, 0.3709604665857434, 0.0, 0.641961733832418, -0.013446016557364313]
          positions: [0.0, 0.872350254492431, 0.3831439792817474, 0.0, 0.6520749688657344, -0.017609381748085438]
          positions: [0.0, 0.886781323493087, 0.39743250396575946, 0.0, 0.6639355227153766, -0.02249207426710638]
          positions: [0.0, 0.9034469013718482, 0.4139334659446109, 0.0, 0.6776325664934549, -0.02813080362458432]
          positions: [0.0, 0.9224427830379845, 0.4327417139038456, 0.0, 0.6932448317672474, -0.034557981631926325]
          positions: [0.0, 0.9438523955788072, 0.45393985087143773, 0.0, 0.7108408852840631, -0.041801835499124924]
          positions: [0.0, 0.967747132525127, 0.4775985651815103, 0.0, 0.7304794036961072, -0.04988652093209358]
          positions: [0.0, 0.9941866881167125, 0.5037769614380531, 0.0, 0.7522094482853443, -0.05883223523000218]
          positions: [0.0, 1.0232193915677494, 0.5325228914786404, 0.0, 0.7760707396883628, -0.06865533038261272]
          positions: [0.0, 1.0548825413322973, 0.5638732853381494, 0.0, 0.8020939326212385, -0.0793684261676146]
          positions: [0.0, 1.0892027393697497, 0.5978544822124787, 0.0, 0.8303008906043988, -0.09098052324796041]
          positions: [0.0, 1.1261962254102906, 0.6344825614222656, 0.0, 0.8607049606874871, -0.10349711626920124]
          positions: [0.0, 1.1658692112203544, 0.6737636733766045, 0.0, 0.8933112481742261, -0.1169203069568223]
          positions: [0.0, 1.2082182148680836, 0.7156943705367657, 0.0, 0.9281168913472824, -0.13124891721357868]
          positions: [0.0, 1.2532303949887864, 0.760261938379912, 0.0, 0.9651113361931303, -0.14647860221683026]
          positions: [0.0, 1.3008838850503968, 0.8074447263628184, 0.0, 1.004276611126916, -0.16260196351587797]
          positions: [0.0, 1.3511481276189303, 0.8572124788855888, 0.0, 1.0455876017173207, -0.17960866212929877]
          positions: [0.0, 1.403984208623946, 0.9095266662553751, 0.0, 1.089012325411426, -0.19748553164228136]
          positions: [0.0, 1.4593451916240023, 0.9643408156500949, 0.0, 1.134512206259577, -0.2162166913039621]
          positions: [0.0, 1.5171764520721136, 1.0216008420821507, 0.0, 1.1820423496402468, -0.23578365912475982]
          positions: [0.0, 1.5774160115812133, 1.0812453793621442, 0.0, 1.2315518169848991, -0.2561654649737116]
          positions: [0.0, 1.6399948721896085, 1.1432061110625993, 0.0, 1.2829839005028556, -0.27733876367580906]
          positions: [0.0, 1.7048373506264396, 1.2074081014816787, 0.0, 1.3362763979061556, -0.29927794810933234]
          positions: [0.0, 1.7718614125771386, 1.2737701266068986, 0.0, 1.3913618871344238, -0.32195526230318716]
          positions: [0.0, 1.840979006948887, 1.3422050050788523, 0.0, 1.4481680010797309, -0.34534091453423954]
          positions: [0.0, 1.9120964001360754, 1.4126199291549233, 0.0, 1.5066177023114617, -0.3694031904246516]
          positions: [0.0, 1.9851145102857595, 1.4849167956730072, 0.0, 1.5666295578011746, -0.3941085660392166]
          positions: [0.0, 2.0599292415631214, 1.5589925370152269, 0.0, 1.628118013647469, -0.4194218209826953]
          positions: [0.0, 2.1364318184169253, 1.6347394520716525, 0.0, 1.6909936698008492, -0.4453061514971509]
          positions: [0.0, 2.214509119844978, 1.7120455372040204, 0.0, 1.7551635547885844, -0.4717232835592849]
          positions: [0.0, 2.294044013659584, 1.7907948172094468, 0.0, 1.8205314004395785, -0.4986335859777719]
          positions: [0.0, 2.3749156907530096, 1.8708676762841514, 0.0, 1.8869979166092292, -0.5259961834905962]
          positions: [0.0, 2.4569999993629343, 1.952141188987172, 0.0, 1.954461065904297, -0.5537690698623869]
          positions: [0.0, 2.540169779337915, 2.0344894512040836, 0.0, 2.0228163384077624, -0.5819092209817527]
          positions: [0.0, 2.6242951964028385, 2.117783911110715, 0.0, 2.091957026403696, -0.6103727079586183]
          positions: [0.0, 2.7092440764243886, 2.201893700136872, 0.0, 2.1617744991021217, -0.6391148102215605]
          positions: [0.0, 2.794882239676494, 2.28668596393005, 0.0, 2.232158477363876, -0.6680901286151422]
          positions: [0.0, 2.881073835105793, 2.3720261933191513, 0.0, 2.3029973084254785, -0.6972526984972481]
          positions: [0.0, 2.967681674597094, 2.4577785552782103, 0.0, 2.374178240623991, -0.726556102836422]
          positions: [0.0, 3.0545675672388244, 2.5438062238901034, 0.0, 2.4455876981218827, -0.7559535853092001]
          positions: [0.0, 3.1415926535885, 2.629971711310273, 0.0, 2.5171115556318964, -0.7853981633974484]
          positions: [0.0, 3.2286177399381755, 2.716137198730443, 0.0, 2.58863541314191, -0.8148427414856965]
          positions: [0.0, 3.3155036325799063, 2.8021648673423356, 0.0, 2.660044870639802, -0.8442402239584749]
          positions: [0.0, 3.402111472071205, 2.8879172293013933, 0.0, 2.731225802838313, -0.8735436282976481]
          positions: [0.0, 3.488303067500505, 2.9732574586904947, 0.0, 2.8020646338999153, -0.9027061981797542]
          positions: [0.0, 3.5739412307526117, 3.058049722483672, 0.0, 2.872448612161671, -0.9316815165733355]
          positions: [0.0, 3.658890110774162, 3.1421595115098295, 0.0, 2.942266084860096, -0.9604236188362777]
          positions: [0.0, 3.743015527839085, 3.225453971416462, 0.0, 3.01140677285603, -0.9888871058131438]
          positions: [0.0, 3.8261853078140655, 3.3078022336333754, 0.0, 3.0797620453594963, -1.0170272569325096]
          positions: [0.0, 3.90826961642399, 3.3890757463363945, 0.0, 3.1472251946545624, -1.0448001433043002]
          positions: [0.0, 3.9891412935174153, 3.4691486054110996, 0.0, 3.2136917108242136, -1.0721627408171244]
          positions: [0.0, 4.06867618733202, 3.547897885416525, 0.0, 3.2790595564752065, -1.0990730432356117]
          positions: [0.0, 4.1467534887600745, 3.625203970548893, 0.0, 3.3432294414629427, -1.1254901752977453]
          positions: [0.0, 4.223256065613878, 3.7009508856053195, 0.0, 3.4061050976163227, -1.1513745058122011]
          positions: [0.0, 4.298070796891242, 3.7750266269475383, 0.0, 3.467593553462616, -1.17668776075568]
          positions: [0.0, 4.371088907040926, 3.847323493465622, 0.0, 3.5276054089523297, -1.201393136370245]
          positions: [0.0, 4.442206300228113, 3.917738417541693, 0.0, 3.5860551101840605, -1.2254554122606567]
          positions: [0.0, 4.51132389459986, 3.986173296013645, 0.0, 3.6428612241293683, -1.248841064491709]
          positions: [0.0, 4.5783479565505605, 4.052535321138867, 0.0, 3.6979467133576347, -1.2715183786855635]
          positions: [0.0, 4.643190434987392, 4.116737311557944, 0.0, 3.751239210760935, -1.293457563119087]
          positions: [0.0, 4.705769295595786, 4.178698043258402, 0.0, 3.802671294278891, -1.3146308618211846]
          positions: [0.0, 4.766008855104888, 4.238342580538395, 0.0, 3.8521807616235453, -1.3350126676701368]
          positions: [0.0, 4.823840115552996, 4.295602606970452, 0.0, 3.8997109050042154, -1.354579635490934]
          positions: [0.0, 4.879201098553054, 4.350416756365171, 0.0, 3.9452107858523675, -1.3733107951526144]
          positions: [0.0, 4.932037179558068, 4.402730943734962, 0.0, 3.9886355095464703, -1.3911876646655976]
          positions: [0.0, 4.982301422126604, 4.452498696257729, 0.0, 4.0299465001368775, -1.4081943632790184]
          positions: [0.0, 5.029954912188215, 4.499681484240635, 0.0, 4.069111775070665, -1.4243177245780658]
          positions: [0.0, 5.074967092308915, 4.544249052083781, 0.0, 4.106106219916511, -1.4395474095813174]
          positions: [0.0, 5.117316095956648, 4.5861797492439464, 0.0, 4.140911863089568, -1.453876019838075]
          positions: [0.0, 5.156989081766708, 4.625460861198283, 0.0, 4.173518150576306, -1.4672992105256952]
          positions: [0.0, 5.193982567807248, 4.66208894040807, 0.0, 4.203922220659396, -1.4798158035469364]
          positions: [0.0, 5.228302765844701, 4.696070137282399, 0.0, 4.2321291786425554, -1.4914279006272815]
          positions: [0.0, 5.25996591560925, 4.727420531141908, 0.0, 4.258152371575429, -1.5021409964122832]
          positions: [0.0, 5.288998619060287, 4.756166461182493, 0.0, 4.282013662978448, -1.5119640915648924]
          positions: [0.0, 5.315438174651874, 4.782344857439037, 0.0, 4.303743707567689, -1.5209098058628032]
          positions: [0.0, 5.339332911598195, 4.806003571749109, 0.0, 4.32338222597973, -1.528994491295772]
          positions: [0.0, 5.3607425241390185, 4.827201708716702, 0.0, 4.34097827949655, -1.5362383451629693]
          positions: [0.0, 5.379738405805149, 4.846009956675939, 0.0, 4.356590544770336, -1.542665523170312]
          positions: [0.0, 5.396403983683916, 4.862510918654786, 0.0, 4.370287588548415, -1.5483042525277906]
          positions: [0.0, 5.410835052684568, 4.8767994433388, 0.0, 4.382148142398057, -1.5531869450468117]
          positions: [0.0, 5.423140109803814, 4.888982956034802, 0.0, 4.392261377431375, -1.5573503102375312]
          positions: [0.0, 5.433440688391194, 4.8991817896346355, 0.0, 4.4007271790301665, -1.5608354684061974]
          positions: [0.0, 5.441871692414612, 4.9075295155788545, 0.0, 4.407656421570815, -1.5636880637524682]
          positions: [0.0, 5.44858173072576, 4.914173274820467, 0.0, 4.413171243149101, -1.5659583774667665]
          positions: [0.0, 5.453733451325565, 4.919274108788638, 0.0, 4.417405320305097, -1.5677014408276078]
          positions: [0.0, 5.457503875629694, 4.923007290352405, 0.0, 4.420504142748051, -1.568977148298928]
          positions: [0.0, 5.46008473273395, 4.925562654784411, 0.0, 4.422625288081214, -1.5698503706274352]
          positions: [0.0, 5.46168279367976, 4.927144930724587, 0.0, 4.423938696526697, -1.5703910679399282]
          positions: [0.0, 5.462520205719667, 4.927974071143943, 0.0, 4.424626945650395, -1.5706744028406483]
          positions: [0.0, 5.462834826582721, 4.928285584308188, 0.0, 4.4248855250867685, -1.570780853508598]
          positions: [0.0, 5.46288055874, 4.928330864741547, 0.0, 4.424923111263793, -1.5707963267948966]
          positions: [0.0, 0.8552113334772214, 0.4537856055185257, 0.0, 0.7155849933176751, 1.5707963267948966]
          positions: [0.08883750183814076, 0.9362643349086173, 0.5097077050165887, 0.021636673077666122, 0.7433004682527389, 1.6317266033260103]
          positions: [0.17767500367628153, 1.017317336340013, 0.5656298045146517, 0.043273346155332244, 0.7710159431878028, 1.692656879857124]
          positions: [0.2665125055144223, 1.0983703377714087, 0.6215519040127148, 0.06491001923299837, 0.7987314181228665, 1.7535871563882375]
          positions: [0.35535000735256306, 1.1794233392028046, 0.6774740035107778, 0.08654669231066449, 0.8264468930579303, 1.8145174329193512]
          positions: [0.4441875091907038, 1.2604763406342003, 0.7333961030088407, 0.10818336538833061, 0.8541623679929942, 1.875447709450465]
          positions: [0.5330250110288446, 1.3415293420655963, 0.7893182025069039, 0.12982003846599674, 0.8818778429280579, 1.9363779859815784]
          positions: [0.6218625128669854, 1.422582343496992, 0.8452403020049668, 0.15145671154366286, 0.9095933178631217, 1.9973082625126921]
          positions: [0.7107000147051261, 1.5036353449283877, 0.9011624015030298, 0.17309338462132898, 0.9373087927981856, 2.058238539043806]
          positions: [0.7995375165432669, 1.5846883463597834, 0.9570845010010929, 0.1947300576989951, 0.9650242677332493, 2.1191688155749198]
          positions: [0.8883750183814076, 1.665741347791179, 1.0130066004991558, 0.21636673077666121, 0.9927397426683131, 2.1800990921060333]
          positions: [0.9772125202195484, 1.746794349222575, 1.068928699997219, 0.23800340385432733, 1.020455217603377, 2.2410293686371467]
          positions: [1.0660500220576892, 1.827847350653971, 1.1248507994952819, 0.2596400769319935, 1.0481706925384406, 2.3019596451682602]
          positions: [1.1548875238958298, 1.9089003520853667, 1.180772898993345, 0.28127675000965957, 1.0758861674735045, 2.362889921699374]
          positions: [1.2437250257339707, 1.9899533535167624, 1.236694998491408, 0.3029134230873257, 1.1036016424085684, 2.4238201982304877]
          positions: [1.3325625275721116, 2.071006354948158, 1.2926170979894709, 0.3245500961649918, 1.1313171173436323, 2.4847504747616016]
          positions: [1.4214000294102522, 2.152059356379554, 1.348539197487534, 0.34618676924265795, 1.159032592278696, 2.545680751292715]
          positions: [1.5102375312483929, 2.2331123578109495, 1.404461296985597, 0.3678234423203241, 1.1867480672137598, 2.6066110278238286]
          positions: [1.5990750330865338, 2.3141653592423457, 1.46038339648366, 0.3894601153979902, 1.2144635421488235, 2.6675413043549425]
          positions: [1.6879125349246746, 2.3952183606737414, 1.516305495981723, 0.41109678847565634, 1.2421790170838873, 2.728471580886056]
          positions: [1.7767500367628153, 2.476271362105137, 1.572227595479786, 0.43273346155332243, 1.2698944920189512, 2.78940185741717]
          positions: [1.865587538600956, 2.557324363536533, 1.6281496949778491, 0.4543701346309886, 1.297609966954015, 2.8503321339482834]
          positions: [1.9544250404390968, 2.6383773649679285, 1.684071794475912, 0.47600680770865467, 1.325325441889079, 2.911262410479397]
          positions: [2.0432625422772377, 2.7194303663993242, 1.739993893973975, 0.4976434807863208, 1.3530409168241426, 2.9721926870105104]
          positions: [2.1321000441153783, 2.8004833678307204, 1.7959159934720381, 0.519280153863987, 1.3807563917592063, 3.0331229635416244]
          positions: [2.220937545953519, 2.881536369262116, 1.851838092970101, 0.5409168269416531, 1.4084718666942702, 3.0940532400727383]
          positions: [2.3097750477916597, 2.962589370693512, 1.9077601924681642, 0.5625535000193191, 1.436187341629334, 3.154983516603852]
          positions: [2.3986125496298007, 3.0436423721249075, 1.9636822919662271, 0.5841901730969853, 1.463902816564398, 3.2159137931349653]
          positions: [2.4874500514679414, 3.1246953735563032, 2.01960439146429, 0.6058268461746514, 1.4916182914994618, 3.2768440696660788]
          positions: [2.576287553306082, 3.2057483749876994, 2.0755264909623534, 0.6274635192523176, 1.5193337664345254, 3.3377743461971927]
          positions: [2.665125055144223, 3.286801376419095, 2.1314485904604163, 0.6491001923299836, 1.547049241369589, 3.398704622728306]
          positions: [2.753962556982364, 3.367854377850491, 2.1873706899584793, 0.6707368654076498, 1.574764716304653, 3.45963489925942]
          positions: [2.8428000588205045, 3.4489073792818865, 2.243292789456542, 0.6923735384853159, 1.6024801912397169, 3.5205651757905336]
          positions: [2.8199767712056714, 3.5170651920761693, 2.164300255143018, 0.7585876520292956, 1.6015086682278692, 3.612704845138355]
          positions: [2.797153483590838, 3.585223004870452, 2.0853077208294937, 0.8248017655732753, 1.6005371452160215, 3.704844514486177]
          positions: [2.7743301959760047, 3.653380817664735, 2.0063151865159696, 0.891015879117255, 1.5995656222041739, 3.7969841838339984]
          positions: [2.751506908361171, 3.7215386304590172, 1.9273226522024456, 0.9572299926612347, 1.598594099192326, 3.88912385318182]
          positions: [2.728683620746338, 3.7896964432533, 1.8483301178889213, 1.0234441062052144, 1.5976225761804783, 3.981263522529642]
          positions: [2.7058603331315045, 3.857854256047583, 1.7693375835753973, 1.089658219749194, 1.5966510531686307, 4.073403191877464]
          positions: [2.6830370455166714, 3.9260120688418656, 1.690345049261873, 1.1558723332931737, 1.595679530156783, 4.165542861225285]
          positions: [2.6451584436228117, 3.984988419258759, 1.62599219086401, 1.2296072296527212, 1.6170622644560417, 4.2092819195672675]
          positions: [2.607279841728952, 4.043964769675652, 1.5616393324661473, 1.3033421260122684, 1.6384449987553007, 4.253020977909251]
          positions: [2.5694012398350927, 4.102941120092545, 1.4972864740682843, 1.3770770223718158, 1.6598277330545594, 4.296760036251234]
          positions: [2.531522637941233, 4.161917470509438, 1.4329336156704215, 1.4508119187313633, 1.6812104673538184, 4.340499094593216]
          positions: [2.4936440360473733, 4.220893820926332, 1.3685807572725586, 1.5245468150909105, 1.7025932016530771, 4.3842381529351995]
          positions: [0.0, 0.8552113334772214, 0.4537856055185257, 0.0, 0.7155849933176751, 1.5707963267948966]
          positions: [-1.1060814102299699e-08, 0.8417948057324662, 0.48532326656642516, -1.7043335448073838e-08, 0.7258201215948075, 1.5707963478282885]
          positions: [-2.214284973943697e-08, 0.8307196551933956, 0.5168309460509696, -3.1240900472313555e-08, 0.7336838911028546, 1.5707963713491244]
          positions: [-3.289363122616247e-08, 0.8216633567045903, 0.5483781873883843, -4.428776957692742e-08, 0.7395683704135765, 1.570796395928896]
          positions: [-3.054906714695692, 3.769276575352501, 0.580022140106893, 0.08408638852572935, 2.11596992844995, -1.5659720045301186]
          positions: [-3.058499426811045, 3.7646024078853286, 0.6118088568179403, 0.08242990211066978, 2.1870146519046285, -1.5696573297726186]
          positions: [-3.061839225619698, 3.7618865980913836, 0.6437793533625024, 0.08126183761421596, 2.256305633455693, -1.573213295134386]
          positions: [-3.0649506057360725, 3.760941025327076, 0.675967326958683, 0.080583008335717, 2.3240596432319895, -1.5767362043509052]
          positions: [-3.0678550441287475, 3.76160561585922, 0.7084028231755718, 0.08041632690233841, 2.3904626774985647, -1.5803256213649814]
          positions: [-3.070571422395238, 3.763743342139233, 0.7411127248325862, 0.08081129615566836, 2.4556750952208946, -1.5840933526920815]
          positions: [-3.073116407262022, 3.767236199468585, 0.7741215430755894, 0.0818525288965025, 2.519836145944792, -1.5881751539922173]
          positions: [-3.075504766075391, 3.771982048836736, 0.8074520468348215, 0.08367501412390643, 2.583067457199543, -1.5927483666655464]
          positions: [-3.0777496298174474, 3.7778921129175225, 0.8411257758722135, 0.08649142519697901, 2.6454756713497036, -1.5980610145679612]
          positions: [-3.079862713591231, 3.7848889718763488, 0.8751634697192698, 0.09064271575934876, 2.7071542958780497, -1.6044837671632577]
          positions: [-3.0818545023595876, 3.792904946742023, 0.9095854361227869, 0.09669764106775217, 2.768184643964069, -1.6126105182275265]
          positions: [-3.0837344081586973, 3.8018807866676445, 0.9444118765810582, 0.10566559778301637, 2.828635334155791, -1.6234720521183716]
          positions: [-3.085510903730157, 3.8117645954248625, 0.9796631818235109, 0.1195067799038767, 2.888558652521603, -1.6390468520828747]
          positions: [-3.0871916364059415, 3.8225109392923198, 1.0153602037889546, 0.14256743423905172, 2.94797793427189, -1.6636968757207233]
          positions: [-3.0887835425317776, 3.8340805043394517, 1.0515247872812254, 0.18669429944135735, 3.0068283889955154, -1.7092822694802567]
          positions: [-3.0902928723312284, 3.8464384857621248, 1.0881791944311452, 0.2991868989722904, 3.064695302947282, -1.8231144922456841]
          positions: [-3.0917253472531434, 3.859555322653146, 1.125347525280311, 0.9450439855350385, 3.1163657157815954, -2.470202352589479]
          positions: [-3.09308617130302, 5.440330990943142, 5.120129981380541, -0.02820991740979524, 5.575289200692814, -1.547322218590232]
          positions: [-3.094380080172333, 5.43285678818346, 5.081855288929156, -0.02522363311259028, 5.579197145073444, -1.545721986873282]
          positions: [-3.0956114389263285, 5.4248808604168355, 5.042983898077369, -0.02233816812958818, 5.583007410218229, -1.5442070786789945]
          positions: [-3.096784221920808, 5.416405920099226, 5.003483405030545, -0.019548827663432702, 5.58668527879195, -1.5427729816331344]
          positions: [-3.0979020870934697, 5.407431628965148, 4.9633182221198044, -0.016851618075769317, 5.5901958647727685, -1.5414159938304106]
          positions: [-3.098968399541659, 5.397954543724562, 4.922449069119301, -0.014243267549655186, 5.5935036537278995, -1.5401332236820482]
          positions: [-3.0999862601341306, 5.387968002015533, 4.880832338992443, -0.011721174739858786, 5.596571989321435, -1.538922528198391]
          positions: [-3.100958530837185, 5.377461934663876, 4.83841934270733, -0.009283367577677686, 5.5993625115352845, -1.5377824645627465]
          positions: [-3.101887857187692, 5.3664225928222, 4.795155399698195, -0.006928470877342199, 5.601834524800197, -1.53671225341887]
          positions: [-3.102776688243291, 5.354832173422378, 4.7509787299248565, -0.004655682029337608, 5.603944268708669, -1.5357117531415707]
          positions: [-3.103627294421056, 5.342668319477036, 4.70581908857901, -0.002464753339364355, 5.605644055960815, -1.534781443506717]
          positions: [-3.104441783377503, 5.329903462230148, 4.659596063327602, -0.0003559815093252977, 5.60688123052831, -1.5339224197450214]
          positions: [-3.1052221142671397, 5.316503958583561, 4.612216923376933, 0.0016697966146274833, 5.607596881992988, -1.5331363963554396]
          positions: [-3.105970110480289, 5.302428957452075, 4.563573864624618, 0.0036112008841971553, 5.607724226750538, -1.532425722749876]
          positions: [-3.1066874711673993, 5.287628899135179, 4.5135404274795485, 0.005466297471095149, 5.607186528648854, -1.5317934115318776]
          positions: [-3.107375781520517, 5.27204350646497, 4.4619667598109825, 0.007232578090982982, 5.605894372839577, -1.5312431846492083]
          positions: [0.0, 0.8552113334772214, 0.4537856055185257, 0.0, 0.7155849933176751, 1.5707963267948966]
          positions: [-0.03481365831487164, 0.9765632774120014, 0.48463959089679004, 0.08727752563174543, 0.7581099160611369, 1.563762348021191]
          positions: [-0.06962731662974328, 1.0979152213467815, 0.5154935762750543, 0.17455505126349086, 0.8006348388045986, 1.5567283692474858]
          positions: [-0.10444097494461493, 1.2192671652815616, 0.5463475616533187, 0.2618325768952363, 0.8431597615480604, 1.5496943904737803]
          positions: [-0.13925463325948656, 1.3406191092163415, 0.577201547031583, 0.3491101025269817, 0.8856846842915221, 1.5426604117000748]
          positions: [-0.17406829157435824, 1.4619710531511216, 0.6080555324098473, 0.4363876281587272, 0.9282096070349839, 1.5356264329263696]
          positions: [-0.20888194988922987, 1.5833229970859017, 0.6389095177881117, 0.5236651537904726, 0.9707345297784458, 1.528592454152664]
          positions: [-0.24369560820410152, 1.7046749410206816, 0.669763503166376, 0.6109426794222181, 1.0132594525219076, 1.5215584753789586]
          positions: [-0.2785092665189731, 1.8260268849554615, 0.7006174885446403, 0.6982202050539634, 1.0557843752653693, 1.5145244966052533]
          positions: [-0.31332292483384483, 1.9473788288902418, 0.7314714739229047, 0.7854977306857089, 1.098309298008831, 1.5074905178315479]
          positions: [-0.3481365831487165, 2.0687307728250217, 0.762325459301169, 0.8727752563174545, 1.1408342207522928, 1.5004565390578424]
          positions: [-0.3829502414635881, 2.1900827167598016, 0.7931794446794334, 0.9600527819491997, 1.1833591434957544, 1.4934225602841371]
          positions: [-0.41776389977845974, 2.311434660694582, 0.8240334300576977, 1.0473303075809453, 1.2258840662392163, 1.4863885815104316]
          positions: [-0.4719075112472231, 2.397139228600974, 0.8464411522986524, 1.0995941275942474, 1.2539049463837264, 1.5129102107203638]
          positions: [-0.5260511227159865, 2.482843796507366, 0.868848874539607, 1.1518579476075497, 1.2819258265282363, 1.539431839930296]
          positions: [-0.5801947341847499, 2.5685483644137586, 0.8912565967805617, 1.204121767620852, 1.3099467066727462, 1.5659534691402281]
          positions: [-0.6343383456535132, 2.6542529323201505, 0.9136643190215163, 1.256385587634154, 1.3379675868172562, 1.5924750983501603]
          positions: [-0.7452721889009594, 2.7282838397985767, 0.9343600479009239, 1.2811763511374377, 1.3578034358893807, 1.6837451271050752]
          positions: [-0.8562060321484055, 2.8023147472770025, 0.9550557767803315, 1.3059671146407215, 1.3776392849615051, 1.7750151558599898]
          positions: [-0.9671398753958516, 2.8763456547554287, 0.975751505659739, 1.330757878144005, 1.3974751340336296, 1.8662851846149047]
          positions: [-1.0780737186432976, 2.950376562233855, 0.9964472345391466, 1.3555486416472886, 1.417310983105754, 1.9575552133698193]
          positions: [-1.1890075618907439, 3.0244074697122807, 1.0171429634185543, 1.3803394051505724, 1.4371468321778784, 2.048825242124734]
          positions: [-1.29994140513819, 3.098438377190707, 1.0378386922979617, 1.405130168653856, 1.4569826812500029, 2.140095270879649]
          positions: [-1.410875248385636, 3.172469284669133, 1.0585344211773693, 1.4299209321571396, 1.4768185303221273, 2.2313652996345636]
          positions: [-1.5218090916330822, 3.246500192147559, 1.079230150056777, 1.4547116956604234, 1.4966543793942517, 2.3226353283894783]
          positions: [-1.6327429348805285, 3.320531099625985, 1.0999258789361845, 1.479502459163707, 1.5164902284663762, 2.413905357144393]
          positions: [-1.7436767781279743, 3.394562007104411, 1.120621607815592, 1.5042932226669907, 1.5363260775385006, 2.505175385899308]
          positions: [-1.8546106213754205, 3.468592914582837, 1.1413173366949996, 1.5290839861702743, 1.556161926610625, 2.5964454146542226]
          positions: [-1.9835962232734, 3.5187340619815974, 1.1564620080185863, 1.5287917568089229, 1.56593081328865, 2.7156276880763373]
          positions: [-2.1125818251713793, 3.5688752093803577, 1.171606679342173, 1.5284995274475717, 1.575699699966675, 2.834809961498452]
          positions: [-2.2415674270693584, 3.6190163567791185, 1.1867513506657597, 1.5282072980862202, 1.5854685866447, 2.9539922349205665]
          positions: [-2.370553028967338, 3.669157504177879, 1.2018960219893464, 1.527915068724869, 1.595237473322725, 3.0731745083426807]
          positions: [-2.499538630865317, 3.719298651576639, 1.2170406933129332, 1.5276228393635176, 1.60500636000075, 3.1923567817647953]
          positions: [-2.6285242327632967, 3.7694397989753994, 1.23218536463652, 1.5273306100021662, 1.614775246678775, 3.31153905518691]
          positions: [-2.757509834661276, 3.8195809463741597, 1.2473300359601067, 1.527038380640815, 1.6245441333568, 3.4307213286090246]
          positions: [-2.8864954365592554, 3.8697220937729204, 1.2624747072836933, 1.5267461512794636, 1.634313020034825, 3.549903602031139]
          positions: [-3.0154810384572346, 3.9198632411716807, 1.27761937860728, 1.5264539219181124, 1.6440819067128503, 3.669085875453254]
          positions: [-3.1444666403552137, 3.970004388570441, 1.2927640499308668, 1.526161692556761, 1.6538507933908753, 3.7882681488753684]
          positions: [-3.2734522422531933, 4.020145535969201, 1.3079087212544536, 1.5258694631954095, 1.6636196800689003, 3.907450422297483]
          positions: [-3.402437844151173, 4.070286683367962, 1.3230533925780403, 1.5255772338340583, 1.6733885667469253, 4.026632695719598]
          positions: [-3.531423446049152, 4.120427830766722, 1.3381980639016269, 1.5252850044727069, 1.6831574534249503, 4.145814969141712]
          positions: [-3.660409047947131, 4.170568978165482, 1.3533427352252136, 1.5249927751113557, 1.6929263401029753, 4.264997242563826]
          positions: [-3.7893946498451108, 4.220710125564243, 1.3684874065488004, 1.5247005457500042, 1.7026952267810003, 4.384179515985942]
