          positions: [0.0, 0.8203, 0.3316, 0.0, 0.6093, 0.0]
          positions: [0.0, 0.820304748437, 0.331612557879, 0.0, 0.6093, 0.0]
          positions: [0.0, 0.8203504805942768, 0.3316578383123536, 0.0, 0.6093375861770197, -1.5473286296725807e-05]
          positions: [0.0, 0.820665101457335, 0.331969351476604, 0.0, 0.6095961656133978, -0.00012192395424875843]
          positions: [0.0, 0.8215025134972398, 0.3327984918959537, 0.0, 0.610284414737089, -0.00040525885496851073]
          positions: [0.0, 0.8231005744430561, 0.33438076783613624, 0.0, 0.6115978231825759, -0.0009459561674629924]
          positions: [0.0, 0.8256814315473072, 0.3369361322681352, 0.0, 0.6137189685157324, -0.0018191784959693395]
          positions: [0.0, 0.8294518558514321, 0.3406693138319015, 0.0, 0.616817790958688, -0.0030948859672903424]
          positions: [0.0, 0.8346035764512448, 0.3457701478000721, 0.0, 0.6210518681146917, -0.0048379493281299766]
          positions: [0.0, 0.8413136147623923, 0.35241390704168746, 0.0, 0.626566689692976, -0.007108263042428935]
          positions: [0.0, 0.8497446187858128, 0.36076163298591035, 0.0, 0.633495932233621, -0.009960858388700146]
          positions: [0.0, 0.8600451973731935, 0.3709604665857434, 0.0, 0.641961733832418, -0.013446016557364313]
          positions: [0.0, 0.872350254492431, 0.3831439792817474, 0.0, 0.6520749688657344, -0.017609381748085438]
          positions: [0.0, 0.886781323493087, 0.39743250396575946, 0.0, 0.6639355227153766, -0.02249207426710638]
          positions: [0.0, 0.9034469013718482, 0.4139334659446109, 0.0, 0.6776325664934549, -0.02813080362458432]
          positions: [0.0, 0.9224427830379845, 0.4327417139038456, 0.0, 0.6932448317672474, -0.034557981631926325]
          positions: [0.0, 0.9438523955788072, 0.45393985087143773, 0.0, 0.7108408852840631, -0.041801835499124924]
          positions: [0.0, 0.967747132525127, 0.4775985651815103, 0.0, 0.7304794036961072, -0.04988652093209358]
          positions: [0.0, 0.9941866881167125, 0.5037769614380531, 0.0, 0.7522094482853443, -0.05883223523000218]
          positions: [0.0, 1.0232193915677494, 0.5325228914786404, 0.0, 0.7760707396883628, -0.06865533038261272]
          positions: [0.0, 1.0548825413322973, 0.5638732853381494, 0.0, 0.8020939326212385, -0.0793684261676146]
          positions: [0.0, 1.0892027393697497, 0.5978544822124787, 0.0, 0.8303008906043988, -0.09098052324796041]
          positions: [0.0, 1.1261962254102906, 0.6344825614222656, 0.0, 0.8607049606874871, -0.10349711626920124]
          positions: [0.0, 1.1658692112203544, 0.6737636733766045, 0.0, 0.8933112481742261, -0.1169203069568223]
          positions: [0.0, 1.2082182148680836, 0.7156943705367657, 0.0, 0.9281168913472824, -0.13124891721357868]
          positions: [0.0, 1.2532303949887864, 0.760261938379912, 0.0, 0.9651113361931303, -0.14647860221683026]
          positions: [0.0, 1.3008838850503968, 0.8074447263628184, 0.0, 1.004276611126916, -0.16260196351587797]
          positions: [0.0, 1.3511481276189303, 0.8572124788855888, 0.0, 1.0455876017173207, -0.17960866212929877]
          positions: [0.0, 1.403984208623946, 0.9095266662553751, 0.0, 1.089012325411426, -0.19748553164228136]
          positions: [0.0, 1.4593451916240023, 0.9643408156500949, 0.0, 1.134512206259577, -0.2162166913039621]
          positions: [0.0, 1.5171764520721136, 1.0216008420821507, 0.0, 1.1820423496402468, -0.23578365912475982]
          positions: [0.0, 1.5774160115812133, 1.0812453793621442, 0.0, 1.2315518169848991, -0.2561654649737116]
          positions: [0.0, 1.6399948721896085, 1.1432061110625993, 0.0, 1.2829839005028556, -0.27733876367580906]
          positions: [0.0, 1.7048373506264396, 1.2074081014816787, 0.0, 1.3362763979061556, -0.29927794810933234]
          positions: [0.0, 1.7718614125771386, 1.2737701266068986, 0.0, 1.3913618871344238, -0.32195526230318716]
          positions: [0.0, 1.840979006948887, 1.3422050050788523, 0.0, 1.4481680010797309, -0.34534091453423954]
          positions: [0.0, 1.9120964001360754, 1.4126199291549233, 0.0, 1.5066177023114617, -0.3694031904246516]
          positions: [0.0, 1.9851145102857595, 1.4849167956730072, 0.0, 1.5666295578011746, -0.3941085660392166]
          positions: [0.0, 2.0599292415631214, 1.5589925370152269, 0.0, 1.628118013647469, -0.4194218209826953]
          positions: [0.0, 2.1364318184169253, 1.6347394520716525, 0.0, 1.6909936698008492, -0.4453061514971509]
          positions: [0.0, 2.214509119844978, 1.7120455372040204, 0.0, 1.7551635547885844, -0.4717232835592849]
          positions: [0.0, 2.294044013659584, 1.7907948172094468, 0.0, 1.8205314004395785, -0.4986335859777719]
          positions: [0.0, 2.3749156907530096, 1.8708676762841514, 0.0, 1.8869979166092292, -0.5259961834905962]
          positions: [0.0, 2.4569999993629343, 1.952141188987172, 0.0, 1.954461065904297, -0.5537690698623869]
          positions: [0.0, 2.540169779337915, 2.0344894512040836, 0.0, 2.0228163384077624, -0.5819092209817527]
          positions: [0.0, 2.6242951964028385, 2.117783911110715, 0.0, 2.091957026403696, -0.6103727079586183]
          positions: [0.0, 2.7092440764243886, 2.201893700136872, 0.0, 2.1617744991021217, -0.6391148102215605]
          positions: [0.0, 2.794882239676494, 2.28668596393005, 0.0, 2.232158477363876, -0.6680901286151422]
          positions: [0.0, 2.881073835105793, 2.3720261933191513, 0.0, 2.3029973084254785, -0.6972526984972481]
          positions: [0.0, 2.967681674597094, 2.4577785552782103, 0.0, 2.374178240623991, -0.726556102836422]
          positions: [0.0, 3.0545675672388244, 2.5438062238901034, 0.0, 2.4455876981218827, -0.7559535853092001]
          positions: [0.0, 3.1415926535885, 2.629971711310273, 0.0, 2.5171115556318964, -0.7853981633974484]
          positions: [0.0, 3.2286177399381755, 2.716137198730443, 0.0, 2.58863541314191, -0.8148427414856965]
          positions: [0.0, 3.3155036325799063, 2.8021648673423356, 0.0, 2.660044870639802, -0.8442402239584749]
          positions: [0.0, 3.402111472071205, 2.8879172293013933, 0.0, 2.731225802838313, -0.8735436282976481]
          positions: [0.0, 3.488303067500505, 2.9732574586904947, 0.0, 2.8020646338999153, -0.9027061981797542]
          positions: [0.0, 3.5739412307526117, 3.058049722483672, 0.0, 2.872448612161671, -0.9316815165733355]
          positions: [0.0, 3.658890110774162, 3.1421595115098295, 0.0, 2.942266084860096, -0.9604236188362777]
          positions: [0.0, 3.743015527839085, 3.225453971416462, 0.0, 3.01140677285603, -0.9888871058131438]
          positions: [0.0, 3.8261853078140655, 3.3078022336333754, 0.0, 3.0797620453594963, -1.0170272569325096]
          positions: [0.0, 3.90826961642399, 3.3890757463363945, 0.0, 3.1472251946545624, -1.0448001433043002]
          positions: [0.0, 3.9891412935174153, 3.4691486054110996, 0.0, 3.2136917108242136, -1.0721627408171244]
          positions: [0.0, 4.06867618733202, 3.547897885416525, 0.0, 3.2790595564752065, -1.0990730432356117]
          positions: [0.0, 4.1467534887600745, 3.625203970548893, 0.0, 3.3432294414629427, -1.1254901752977453]
          positions: [0.0, 4.223256065613878, 3.7009508856053195, 0.0, 3.4061050976163227, -1.1513745058122011]
          positions: [0.0, 4.298070796891242, 3.7750266269475383, 0.0, 3.467593553462616, -1.17668776075568]
          positions: [0.0, 4.371088907040926, 3.847323493465622, 0.0, 3.5276054089523297, -1.201393136370245]
          positions: [0.0, 4.442206300228113, 3.917738417541693, 0.0, 3.5860551101840605, -1.2254554122606567]
          positions: [0.0, 4.51132389459986, 3.986173296013645, 0.0, 3.6428612241293683, -1.248841064491709]
          positions: [0.0, 4.5783479565505605, 4.052535321138867, 0.0, 3.6979467133576347, -1.2715183786855635]
          positions: [0.0, 4.643190434987392, 4.116737311557944, 0.0, 3.751239210760935, -1.293457563119087]
          positions: [0.0, 4.705769295595786, 4.178698043258402, 0.0, 3.802671294278891, -1.3146308618211846]
          positions: [0.0, 4.766008855104888, 4.238342580538395, 0.0, 3.8521807616235453, -1.3350126676701368]
          positions: [0.0, 4.823840115552996, 4.295602606970452, 0.0, 3.8997109050042154, -1.354579635490934]
          positions: [0.0, 4.879201098553054, 4.350416756365171, 0.0, 3.9452107858523675, -1.3733107951526144]
          positions: [0.0, 4.932037179558068, 4.402730943734962, 0.0, 3.9886355095464703, -1.3911876646655976]
          positions: [0.0, 4.982301422126604, 4.452498696257729, 0.0, 4.0299465001368775, -1.4081943632790184]
          positions: [0.0, 5.029954912188215, 4.499681484240635, 0.0, 4.069111775070665, -1.4243177245780658]
          positions: [0.0, 5.074967092308915, 4.544249052083781, 0.0, 4.106106219916511, -1.4395474095813174]
          positions: [0.0, 5.117316095956648, 4.5861797492439464, 0.0, 4.140911863089568, -1.453876019838075]
          positions: [0.0, 5.156989081766708, 4.625460861198283, 0.0, 4.173518150576306, -1.4672992105256952]
          positions: [0.0, 5.193982567807248, 4.66208894040807, 0.0, 4.203922220659396, -1.4798158035469364]
          positions: [0.0, 5.228302765844701, 4.696070137282399, 0.0, 4.2321291786425554, -1.4914279006272815]
          positions: [0.0, 5.25996591560925, 4.727420531141908, 0.0, 4.258152371575429, -1.5021409964122832]
          positions: [0.0, 5.288998619060287, 4.756166461182493, 0.0, 4.282013662978448, -1.5119640915648924]
          positions: [0.0, 5.315438174651874, 4.782344857439037, 0.0, 4.303743707567689, -1.5209098058628032]
          positions: [0.0, 5.339332911598195, 4.806003571749109, 0.0, 4.32338222597973, -1.528994491295772]
          positions: [0.0, 5.3607425241390185, 4.827201708716702, 0.0, 4.34097827949655, -1.5362383451629693]
          positions: [0.0, 5.379738405805149, 4.846009956675939, 0.0, 4.356590544770336, -1.542665523170312]
          positions: [0.0, 5.396403983683916, 4.862510918654786, 0.0, 4.370287588548415, -1.5483042525277906]
          positions: [0.0, 5.410835052684568, 4.8767994433388, 0.0, 4.382148142398057, -1.5531869450468117]
          positions: [0.0, 5.423140109803814, 4.888982956034802, 0.0, 4.392261377431375, -1.5573503102375312]
          positions: [0.0, 5.433440688391194, 4.8991817896346355, 0.0, 4.4007271790301665, -1.5608354684061974]
          positions: [0.0, 5.441871692414612, 4.9075295155788545, 0.0, 4.407656421570815, -1.5636880637524682]
          positions: [0.0, 5.44858173072576, 4.914173274820467, 0.0, 4.413171243149101, -1.5659583774667665]
          positions: [0.0, 5.453733451325565, 4.919274108788638, 0.0, 4.417405320305097, -1.5677014408276078]
          positions: [0.0, 5.457503875629694, 4.923007290352405, 0.0, 4.420504142748051, -1.568977148298928]
          positions: [0.0, 5.46008473273395, 4.925562654784411, 0.0, 4.422625288081214, -1.5698503706274352]
          positions: [0.0, 5.46168279367976, 4.927144930724587, 0.0, 4.423938696526697, -1.5703910679399282]
          positions: [0.0, 5.462520205719667, 4.927974071143943, 0.0, 4.424626945650395, -1.5706744028406483]
          positions: [0.0, 5.462834826582721, 4.928285584308188, 0.0, 4.4248855250867685, -1.570780853508598]
          positions: [0.0, 5.46288055874, 4.928330864741547, 0.0, 4.424923111263793, -1.5707963267948966]
          positions: [0.0, 0.8494118341503831, 0.45493455979181313, 0.0, 0.7155849933176751, 1.5707963267948966]
          positions: [-0.038899387787739874, 0.9331185621388964, 0.497479837924885, 0.03014654625307945, 0.8014003871754443, 1.5168837908032102]
          positions: [-0.07779877557547975, 1.0168252901274097, 0.5400251160579568, 0.0602930925061589, 0.8872157810332133, 1.462971254811524]
          positions: [-0.11669816336321961, 1.100532018115923, 0.5825703941910286, 0.09043963875923834, 0.9730311748909823, 1.4090587188198376]
          positions: [-0.1555975511509595, 1.1842387461044364, 0.6251156723241005, 0.1205861850123178, 1.0588465687487516, 1.3551461828281512]
          positions: [-0.19449693893869938, 1.2679454740929494, 0.6676609504571723, 0.15073273126539724, 1.1446619626065204, 1.301233646836465]
          positions: [-0.23339632672643923, 1.3516522020814628, 0.7102062285902442, 0.18087927751847668, 1.2304773564642897, 1.2473211108447786]
          positions: [-0.2722957145141791, 1.435358930069976, 0.7527515067233159, 0.21102582377155613, 1.3162927503220587, 1.1934085748530923]
          positions: [-0.311195102301919, 1.5190656580584894, 0.7952967848563879, 0.2411723700246356, 1.4021081441798278, 1.139496038861406]
          positions: [-0.3500944900896589, 1.6027723860470027, 0.8378420629894596, 0.27131891627771504, 1.487923538037597, 1.0855835028697194]
          positions: [-0.38899387787739875, 1.686479114035516, 0.8803873411225315, 0.3014654625307945, 1.5737389318953658, 1.0316709668780333]
          positions: [-0.42789326566513863, 1.7701858420240293, 0.9229326192556033, 0.3316120087838739, 1.659554325753135, 0.9777584308863468]
          positions: [-0.4305641307893127, 1.813933854016072, 1.0944247374506402, 0.33091607730865547, 1.7690158106629459, 0.9853398789283271]
          positions: [-0.4332349959134868, 1.857681866008115, 1.2659168556456768, 0.33022014583343706, 1.8784772955727569, 0.9929213269703073]
          positions: [-0.4359058610376609, 1.9014298780001577, 1.4374089738407136, 0.3295242143582186, 1.9879387804825677, 1.0005027750122875]
          positions: [-0.43857672616183496, 1.9451778899922005, 1.6089010920357505, 0.3288282828830002, 2.0974002653923787, 1.0080842230542677]
          positions: [-0.44124759128600904, 1.9889259019842433, 1.7803932102307871, 0.32813235140778174, 2.2068617503021897, 1.015665671096248]
          positions: [-0.4439184564101831, 2.032673913976286, 1.951885328425824, 0.32743641993256334, 2.3163232352120007, 1.0232471191382282]
          positions: [-0.4465893215343572, 2.076421925968329, 2.123377446620861, 0.3267404884573449, 2.4257847201218112, 1.0308285671802084]
          positions: [-0.4492601866585313, 2.120169937960372, 2.2948695648158974, 0.3260445569821264, 2.5352462050316222, 1.0384100152221887]
          positions: [-0.4519310517827054, 2.1639179499524146, 2.4663616830109345, 0.325348625506908, 2.6447076899414332, 1.045991463264169]
          positions: [-0.45460191690687946, 2.2076659619444574, 2.637853801205971, 0.32465269403168956, 2.754169174851244, 1.0535729113061492]
          positions: [-0.45727278203105354, 2.2514139739365007, 2.809345919401008, 0.32395676255647116, 2.863630659761055, 1.0611543593481294]
          positions: [-0.4599436471552276, 2.2951619859285435, 2.980838037596045, 0.3232608310812527, 2.973092144670866, 1.0687358073901096]
          positions: [-0.46261451227940165, 2.3389099979205863, 3.1523301557910814, 0.3225648996060343, 3.0825536295806764, 1.07631725543209]
          positions: [-0.46528537740357573, 2.382658009912629, 3.323822273986118, 0.32186896813081584, 3.192015114490488, 1.0838987034740701]
          positions: [-0.4679562425277498, 2.426406021904672, 3.4953143921811547, 0.32117303665559743, 3.3014765994002984, 1.0914801515160502]
          positions: [-0.4706271076519239, 2.4701540338967147, 3.6668065103761913, 0.320477105180379, 3.410938084310109, 1.0990615995580304]
          positions: [-0.473297972776098, 2.5139020458887575, 3.838298628571228, 0.3197811737051605, 3.5203995692199204, 1.1066430476000106]
          positions: [-0.47596883790027206, 2.5576500578808004, 4.0097907467662655, 0.3190852422299421, 3.629861054129731, 1.1142244956419909]
          positions: [-0.47863970302444614, 2.601398069872843, 4.181282864961302, 0.31838931075472365, 3.739322539039542, 1.1218059436839711]
          positions: [-0.4813105681486202, 2.645146081864886, 4.352774983156339, 0.31769337927950525, 3.848784023949353, 1.1293873917259514]
          positions: [-0.4839814332727943, 2.688894093856929, 4.524267101351375, 0.3169974478042868, 3.9582455088591635, 1.1369688397679316]
          positions: [-0.4866522983969684, 2.7326421058489716, 4.695759219546413, 0.3163015163290684, 4.067706993768974, 1.1445502878099119]
          positions: [-0.48932316352114247, 2.7763901178410144, 4.8672513377414495, 0.31560558485384993, 4.1771684786787855, 1.152131735851892]
          positions: [-0.44794266147392103, 2.753309157435108, 4.965480438229501, 0.2885934553107524, 4.209032720044658, 1.1900677291525035]
          positions: [-0.4065621594266996, 2.7302281970292013, 5.0637095387175535, 0.26158132576765486, 4.24089696141053, 1.2280037224531146]
          positions: [-0.3651816573794781, 2.7071472366232947, 5.161938639205605, 0.23456919622455732, 4.272761202776403, 1.265939715753726]
          positions: [-0.3038707347202664, 2.6685430376847696, 5.272558656005404, 0.19588135071686247, 4.302119871781752, 1.3168089272819956]
          positions: [-0.2425598120610547, 2.629938838746244, 5.383178672805203, 0.15719350520916764, 4.331478540787101, 1.3676781388102655]
          positions: [-0.18124888940184297, 2.591334639807719, 5.493798689605002, 0.11850565970147277, 4.36083720979245, 1.418547350338535]
          positions: [-0.11993796674263127, 2.552730440869194, 5.604418706404801, 0.07981781419377793, 4.3901958787978, 1.4694165618668047]
          positions: [-0.05862704408341951, 2.5141262419306685, 5.7150387232046, 0.04112996868608307, 4.419554547803149, 1.5202857733950745]
          positions: [0.0026838785757921668, 2.4755220429921434, 5.825658740004399, 0.0024421231783882187, 4.448913216808498, 1.5711549849233442]
          positions: [0.0, 0.8494118341503831, 0.45493455979181313, 0.0, 0.7155849933176751, 1.5707963267948966]
          positions: [-1.2499530600544747e-08, 0.9048740025269231, 0.441064139777511, 4.266958417598488e-08, 0.6462541389192562, 1.5707962644632427]
          positions: [2.928445724071716e-07, 2.550085102126964, 5.854555375523407, -4.3950714432347115e-07, 4.41453572807444, 1.5707977730115734]
          positions: [-4.5990284708351606e-08, 2.595736843712374, 5.865437447251963, -1.0066779120921406e-07, 4.37976807403743, 1.5707960834759405]
          positions: [-6.010211364425072e-08, 2.6437986361958563, 5.874651649032974, -1.2969319929723763e-07, 4.340922217265228, 1.5707959904274333]
          positions: [-7.737214630021882e-08, 2.694263531139286, 5.882090773593284, -1.6707503325773775e-07, 4.297898181302589, 1.5707959136145755]
          positions: [-9.575846687031524e-08, 2.7470540318788417, 5.88766076767419, -2.0777397630834327e-07, 4.2506794094649045, 1.5707958415259038]
          positions: [-1.1530485485813544e-07, 2.802011649763949, 5.891286466365551, -2.5257872509544424e-07, 4.199349224206937, 1.5707957750802113]
          positions: [-1.3612512730767164e-07, 2.858891319182821, 5.892916609856285, -3.027308872685251e-07, 4.144101433245082, 1.5707957155192571]
          positions: [-1.5831282583672124e-07, 2.9173628142799575, 5.89252752732998, -3.597704818927925e-07, 4.085242588937404, 1.5707956646399193]
          positions: [-1.8200582331924308e-07, 2.977020168398869, 5.890124914861529, -4.258425574144324e-07, 4.023184356697641, 1.5707956244660288]
          positions: [-2.073277403771024e-07, 3.0373987627591696, 5.885743399647185, -5.03726319451833e-07, 3.9584259818638223, 1.570795597830184]
          positions: [-2.344060791977148e-07, 3.0979982563016155, 5.879443973812723, -5.971721213529416e-07, 3.891528797492739, 1.5707955884743425]
          positions: [-2.633458069498797e-07, 3.158308459796463, 5.87130971502037, -7.112696201113279e-07, 3.823086068942572, 1.570795601550882]
          positions: [-2.94251436221989e-07, 3.2178348334923172, 5.86144044985216, -8.532453316670875e-07, 3.7536921647143173, 1.5707956441254605]
          positions: [-3.2711958512930044e-07, 3.2761206544585746, 5.849947067158874, -1.0333203246075492e-06, 3.683914695050438, 1.5707957265237813]
          positions: [-3.618018916426827e-07, 3.332763802338913, 5.836946114353645, -1.2666509002099255e-06, 3.614272329240046, 1.570795863909874]
          positions: [-3.9773148024828513e-07, 3.3874272866873856, 5.822555107531445, -1.5759862687144702e-06, 3.5452195717560393, 1.5707960794554852]
          positions: [-4.335304958141769e-07, 3.439843676309606, 5.806888796753518, -1.996847217212246e-06, 3.4771386059732343, 1.5707964092635038]
          positions: [-4.657455802889634e-07, 3.489814360016991, 5.790056427201896, -2.5842788909531995e-06, 3.410337287762493, 1.5707969100670143]
          positions: [-4.854566456095656e-07, 3.5372049371243572, 5.772159927480134, -3.4145442276443868e-06, 3.345051944077984, 1.5707976623426023]
          positions: [-4.6743552714453514e-07, 3.5819381094732057, 5.753292878069169, -4.503988342102923e-06, 3.281453457674514, 1.5707986933449025]
          positions: [-3.251522439527176e-07, 3.6239852954659195, 5.733540078135982, -4.644579587585582e-06, 3.2196552056248597, 1.570798832300272]
          positions: [5.262920383661686e-08, 3.663357924152462, 5.712977564314527, -1.81659652765863e-05, 3.159721797690345, 1.5708124674323662]
          positions: [-9.27425392362013e-07, 3.7000991521615045, 5.6916729356925835, 3.052997153112548e-05, 3.1016776753848148, 1.5707632749061153]
          positions: [-1.0301376399007945e-06, 3.7342760650183604, 5.669685799619788, 1.3783693550050049e-05, 3.0455153608276917, 1.570779927295137]
          positions: [-5.229245403724615e-07, 3.765973331324537, 5.647068431210826, 3.7474040736857763e-06, 2.9912024601567246, 1.5707900983888476]
          positions: [-1.915977598113727e-06, 3.7952876381392957, 5.62386639687254, 1.219248049203054e-05, 2.938687853416341, 1.570781074782101]
          positions: [-8.51118762738508e-07, 3.822322810364545, 5.600119126264075, 3.724392588379198e-06, 2.887907145443049, 1.570789905889571]
          positions: [-2.2034041846853884e-06, 3.84718680780918, 5.575860621828853, 8.813815078818597e-06, 2.8387863773154494, 1.5707843029597657]
          positions: [-1.8087981629728506e-06, 3.869988237253032, 5.551119910435088, 5.9025033351329915e-06, 2.7912459713272852, 1.5707873335836335]
          positions: [-2.690037015927506e-06, 3.890834826910488, 5.52592163839566, 7.722147559592297e-06, 2.745202843394781, 1.5707852241867928]
          positions: [-3.0813966557389525e-06, 3.909831430660258, 5.500286470566125, 7.712998863978172e-06, 2.700572806604836, 1.5707851304338103]
          positions: [-4.135979214898737e-06, 3.927079192185917, 5.474231521428217, 9.2171282151688e-06, 2.6572718302306555, 1.5707833725610403]
          positions: [-5.6490925224701215e-06, 3.942674644205164, 5.447770690559127, 1.128437503419596e-05, 2.615217281497753, 1.5707810052596647]
          positions: [-8.88611902624057e-06, 3.956709328838419, 5.4209149709402356, 1.604610588403966e-05, 2.574328611540089, 1.570775675475542]
          positions: [-1.8784052253677122e-05, 3.9692695964009483, 5.39367270394601, 3.0831109822813e-05, 2.534527811184123, 1.570759333388642]
          positions: [-3.904998493737766e-05, 3.980436341441479, 5.366049788014449, 5.913823633094087e-05, 2.495739883745578, 1.5707284510534996]
          positions: [3.055959443151496e-05, 3.990282066840393, 5.3380499016989305, -4.2468340832556284e-05, 2.4578960307835676, 1.5708395310325494]
          positions: [1.004433523209847e-05, 3.998882138462595, 5.309674575093647, -1.262119116332335e-05, 2.420922343971759, 1.5708067967246309]
          positions: [8.346979250419496e-06, 4.006298348485762, 5.280923378509441, -9.626673768134152e-06, 2.384756671040551, 1.5708033145731013]
          positions: [6.0683047822726105e-06, 4.012591261766571, 5.251793971772393, -6.461647664521562e-06, 2.349336084992074, 1.570799783185406]
          positions: [4.622198188841578e-06, 4.017816094936257, 5.222282184593706, -4.5675125878890804e-06, 2.3146012000389113, 1.5707976700459212]
          positions: [3.797697367755216e-06, 4.022023567779687, 5.192382044911458, -3.481699684040602e-06, 2.2804953215063235, 1.5707964233453287]
          positions: [3.273274603292832e-06, 4.025260076141574, 5.162085795729383, -2.7811646751304545e-06, 2.2469642985096288, 1.5707955870942962]
          positions: [2.901876593135141e-06, 4.027567889829137, 5.1313838831787555, -2.282964956797592e-06, 2.213956306810629, 1.5707949685770848]
          positions: [2.6213890793739404e-06, 4.028985350052197, 5.1002649225772965, -1.9074732226050293e-06, 2.181421619608092, 1.5707944834671146]
          positions: [0.0, 0.8494118341503831, 0.45493455979181313, 0.0, 0.7155849933176751, 1.5707963267948966]
          positions: [-0.027767804664968317, 0.9479169932293593, 0.5717675513038458, 0.0012682513908397468, 0.772147505782684, 1.5861148503631728]
          positions: [-0.05553560932993663, 1.0464221523083355, 0.6886005428158786, 0.0025365027816794936, 0.8287100182476929, 1.601433373931449]
          positions: [-0.08330341399490496, 1.1449273113873115, 0.8054335343279112, 0.0038047541725192407, 0.8852725307127017, 1.6167518974997253]
          positions: [-0.11107121865987327, 1.2434324704662876, 0.9222665258399438, 0.005073005563358987, 0.9418350431777105, 1.6320704210680015]
          positions: [-0.1388390233248416, 1.3419376295452639, 1.0390995173519766, 0.006341256954198735, 0.9983975556427194, 1.6473889446362777]
          positions: [-0.1666068279898099, 1.4404427886242401, 1.1559325088640093, 0.007609508345038481, 1.0549600681077282, 1.662707468204554]
          positions: [-0.19437463265477825, 1.5389479477032162, 1.272765500376042, 0.008877759735878229, 1.1115225805727371, 1.6780259917728304]
          positions: [-0.22214243731974653, 1.6374531067821922, 1.3895984918880746, 0.010146011126717975, 1.168085093037746, 1.6933445153411066]
          positions: [-0.24991024198471487, 1.7359582658611685, 1.5064314834001074, 0.011414262517557722, 1.2246476055027549, 1.7086630389093829]
          positions: [-0.2776780466496832, 1.8344634249401448, 1.62326447491214, 0.01268251390839747, 1.2812101179677637, 1.723981562477659]
          positions: [-0.3054458513146515, 1.9329685840191206, 1.7400974664241726, 0.013950765299237215, 1.3377726304327726, 1.7393000860459353]
          positions: [-0.3332136559796198, 2.031473743098097, 1.8569304579362054, 0.015219016690076963, 1.3943351428977815, 1.7546186096142116]
          positions: [-0.33780583562821953, 2.0909231435642495, 2.018267678043268, 0.01549713853596146, 1.5023452845197656, 1.7572029895585575]
          positions: [-0.34239801527681923, 2.150372544030402, 2.1796048981503304, 0.015775260381845957, 1.6103554261417499, 1.7597873695029034]
          positions: [-0.34699019492541894, 2.2098219444965546, 2.3409421182573933, 0.016053382227730454, 1.718365567763734, 1.762371749447249]
          positions: [-0.3515823745740186, 2.269271344962707, 2.5022793383644557, 0.01633150407361495, 1.826375709385718, 1.764956129391595]
          positions: [-0.3561745542226183, 2.3287207454288597, 2.6636165584715186, 0.016609625919499448, 1.9343858510077023, 1.7675405093359409]
          positions: [-0.360766733871218, 2.388170145895012, 2.824953778578581, 0.016887747765383945, 2.0423959926296864, 1.7701248892802868]
          positions: [-0.3653589135198177, 2.4476195463611647, 2.986290998685644, 0.017165869611268442, 2.1504061342516705, 1.7727092692246325]
          positions: [-0.3699510931684174, 2.5070689468273173, 3.1476282187927063, 0.01744399145715294, 2.2584162758736546, 1.7752936491689784]
          positions: [-0.37454327281701705, 2.56651834729347, 3.3089654388997687, 0.017722113303037433, 2.3664264174956386, 1.7778780291133243]
          positions: [-0.37913545246561675, 2.6259677477596224, 3.4703026590068315, 0.018000235148921934, 2.474436559117623, 1.7804624090576702]
          positions: [-0.38372763211421645, 2.685417148225775, 3.6316398791138944, 0.018278356994806427, 2.5824467007396072, 1.783046789002016]
          positions: [-0.38831981176281616, 2.744866548691927, 3.7929770992209564, 0.018556478840690924, 2.6904568423615913, 1.7856311689463618]
          positions: [-0.39291199141141586, 2.8043159491580796, 3.9543143193280192, 0.01883460068657542, 2.7984669839835754, 1.7882155488907077]
          positions: [-0.39750417106001557, 2.863765349624232, 4.115651539435082, 0.01911272253245992, 2.9064771256055595, 1.7907999288350536]
          positions: [-0.40209635070861527, 2.9232147500903847, 4.276988759542145, 0.019390844378344416, 3.014487267227544, 1.7933843087793995]
          positions: [-0.4066885303572149, 2.982664150556537, 4.438325979649207, 0.019668966224228913, 3.1224974088495276, 1.7959686887237452]
          positions: [-0.4112807100058146, 3.0421135510226898, 4.59966319975627, 0.01994708807011341, 3.230507550471512, 1.798553068668091]
          positions: [-0.4158728896544143, 3.1015629514888423, 4.761000419863333, 0.020225209915997907, 3.3385176920934962, 1.801137448612437]
          positions: [-0.3862655101098223, 3.067069686886028, 4.86855462110909, 0.01898958462851006, 3.4394569078195194, 1.784891259275681]
          positions: [-0.3566581305652302, 3.032576422283214, 4.976108822354846, 0.017753959341022217, 3.540396123545542, 1.768645069938925]
          positions: [-0.3270507510206382, 2.9980831576803997, 5.083663023600604, 0.01651833405353437, 3.6413353392715653, 1.7523988806021689]
          positions: [-0.2858477205636473, 2.9327604337438085, 5.176421768660783, 0.014759198388088077, 3.742287957941913, 1.729766941941064]
          positions: [-0.24464469010665643, 2.8674377098072172, 5.269180513720963, 0.013000062722641781, 3.843240576612261, 1.707135003279959]
          positions: [-0.20344165964966554, 2.802114985870626, 5.361939258781143, 0.011240927057195486, 3.9441931952826086, 1.6845030646188541]
          positions: [-0.16223862919267468, 2.736792261934035, 5.454698003841322, 0.009481791391749192, 4.045145813952956, 1.6618711259577492]
          positions: [-0.12103559873568381, 2.6714695379974436, 5.547456748901503, 0.007722655726302898, 4.146098432623305, 1.6392391872966445]
          positions: [-0.07983256827869292, 2.6061468140608524, 5.640215493961683, 0.005963520060856603, 4.247051051293652, 1.6166072486355396]
          positions: [-0.03862953782170203, 2.540824090124261, 5.732974239021862, 0.004204384395410307, 4.348003669963999, 1.5939753099744347]
          positions: [0.0025734926352888377, 2.47550136618767, 5.825732984082042, 0.0024452487299640134, 4.4489562886343474, 1.5713433713133298]
