          positions: [0.0, 0.8203, 0.3316, 0.0, 0.6093, 0.0]
          positions: [0.0, 0.820304748437, 0.331612557879, 0.0, 0.6093, 0.0]
          positions: [0.0, 0.8203504805942768, 0.3316578383123536, 0.0, 0.6093375861770197, -1.5473286296725807e-05]
          positions: [0.0, 0.820665101457335, 0.331969351476604, 0.0, 0.6095961656133978, -0.00012192395424875843]
          positions: [0.0, 0.8215025134972398, 0.3327984918959537, 0.0, 0.610284414737089, -0.00040525885496851073]
          positions: [0.0, 0.8231005744430561, 0.33438076783613624, 0.0, 0.6115978231825759, -0.0009459561674629924]
          positions: [0.0, 0.8256814315473072, 0.3369361322681352, 0.0, 0.6137189685157324, -0.0018191784959693395]
          positions: [0.0, 0.8294518558514321, 0.3406693138319015, 0.0, 0.616817790958688, -0.0030948859672903424]
          positions: [0.0, 0.8346035764512448, 0.3457701478000721, 0.0, 0.6210518681146917, -0.0048379493281299766]
          positions: [0.0, 0.8413136147623923, 0.35241390704168746, 0.0, 0.626566689692976, -0.007108263042428935]
          positions: [0.0, 0.8497446187858128, 0.36076163298591035, 0.0, 0.633495932233621, -0.009960858388700146]
          positions: [0.0, 0.8600451973731935, 0.3709604665857434, 0.0, 0.641961733832418, -0.013446016557364313]
          positions: [0.0, 0.872350254492431, 0.3831439792817474, 0.0, 0.6520749688657344, -0.017609381748085438]
          positions: [0.0, 0.886781323493087, 0.39743250396575946, 0.0, 0.6639355227153766, -0.02249207426710638]
          positions: [0.0, 0.9034469013718482, 0.4139334659446109, 0.0, 0.6776325664934549, -0.02813080362458432]
          positions: [0.0, 0.9224427830379845, 0.4327417139038456, 0.0, 0.6932448317672474, -0.034557981631926325]
          positions: [0.0, 0.9438523955788072, 0.45393985087143773, 0.0, 0.7108408852840631, -0.041801835499124924]
          positions: [0.0, 0.967747132525127, 0.4775985651815103, 0.0, 0.7304794036961072, -0.04988652093209358]
          positions: [0.0, 0.9941866881167125, 0.5037769614380531, 0.0, 0.7522094482853443, -0.05883223523000218]
          positions: [0.0, 1.0232193915677494, 0.5325228914786404, 0.0, 0.7760707396883628, -0.06865533038261272]
          positions: [0.0, 1.0548825413322973, 0.5638732853381494, 0.0, 0.8020939326212385, -0.0793684261676146]
          positions: [0.0, 1.0892027393697497, 0.5978544822124787, 0.0, 0.8303008906043988, -0.09098052324796041]
          positions: [0.0, 1.1261962254102906, 0.6344825614222656, 0.0, 0.8607049606874871, -0.10349711626920124]
          positions: [0.0, 1.1658692112203544, 0.6737636733766045, 0.0, 0.8933112481742261, -0.1169203069568223]
          positions: [0.0, 1.2082182148680836, 0.7156943705367657, 0.0, 0.9281168913472824, -0.13124891721357868]
          positions: [0.0, 1.2532303949887864, 0.760261938379912, 0.0, 0.9651113361931303, -0.14647860221683026]
          positions: [0.0, 1.3008838850503968, 0.8074447263628184, 0.0, 1.004276611126916, -0.16260196351587797]
          positions: [0.0, 1.3511481276189303, 0.8572124788855888, 0.0, 1.0455876017173207, -0.17960866212929877]
          positions: [0.0, 1.403984208623946, 0.9095266662553751, 0.0, 1.089012325411426, -0.19748553164228136]
          positions: [0.0, 1.4593451916240023, 0.9643408156500949, 0.0, 1.134512206259577, -0.2162166913039621]
          positions: [0.0, 1.5171764520721136, 1.0216008420821507, 0.0, 1.1820423496402468, -0.23578365912475982]
          positions: [0.0, 1.5774160115812133, 1.0812453793621442, 0.0, 1.2315518169848991, -0.2561654649737116]
          positions: [0.0, 1.6399948721896085, 1.1432061110625993, 0.0, 1.2829839005028556, -0.27733876367580906]
          positions: [0.0, 1.7048373506264396, 1.2074081014816787, 0.0, 1.3362763979061556, -0.29927794810933234]
          positions: [0.0, 1.7718614125771386, 1.2737701266068986, 0.0, 1.3913618871344238, -0.32195526230318716]
          positions: [0.0, 1.840979006948887, 1.3422050050788523, 0.0, 1.4481680010797309, -0.34534091453423954]
          positions: [0.0, 1.9120964001360754, 1.4126199291549233, 0.0, 1.5066177023114617, -0.3694031904246516]
          positions: [0.0, 1.9851145102857595, 1.4849167956730072, 0.0, 1.5666295578011746, -0.3941085660392166]
          positions: [0.0, 2.0599292415631214, 1.5589925370152269, 0.0, 1.628118013647469, -0.4194218209826953]
          positions: [0.0, 2.1364318184169253, 1.6347394520716525, 0.0, 1.6909936698008492, -0.4453061514971509]
          positions: [0.0, 2.214509119844978, 1.7120455372040204, 0.0, 1.7551635547885844, -0.4717232835592849]
          positions: [0.0, 2.294044013659584, 1.7907948172094468, 0.0, 1.8205314004395785, -0.4986335859777719]
          positions: [0.0, 2.3749156907530096, 1.8708676762841514, 0.0, 1.8869979166092292, -0.5259961834905962]
          positions: [0.0, 2.4569999993629343, 1.952141188987172, 0.0, 1.954461065904297, -0.5537690698623869]
          positions: [0.0, 2.540169779337915, 2.0344894512040836, 0.0, 2.0228163384077624, -0.5819092209817527]
          positions: [0.0, 2.6242951964028385, 2.117783911110715, 0.0, 2.091957026403696, -0.6103727079586183]
          positions: [0.0, 2.7092440764243886, 2.201893700136872, 0.0, 2.1617744991021217, -0.6391148102215605]
          positions: [0.0, 2.794882239676494, 2.28668596393005, 0.0, 2.232158477363876, -0.6680901286151422]
          positions: [0.0, 2.881073835105793, 2.3720261933191513, 0.0, 2.3029973084254785, -0.6972526984972481]
          positions: [0.0, 2.967681674597094, 2.4577785552782103, 0.0, 2.374178240623991, -0.726556102836422]
          positions: [0.0, 3.0545675672388244, 2.5438062238901034, 0.0, 2.4455876981218827, -0.7559535853092001]
          positions: [0.0, 3.1415926535885, 2.629971711310273, 0.0, 2.5171115556318964, -0.7853981633974484]
          positions: [0.0, 3.2286177399381755, 2.716137198730443, 0.0, 2.58863541314191, -0.8148427414856965]
          positions: [0.0, 3.3155036325799063, 2.8021648673423356, 0.0, 2.660044870639802, -0.8442402239584749]
          positions: [0.0, 3.402111472071205, 2.8879172293013933, 0.0, 2.731225802838313, -0.8735436282976481]
          positions: [0.0, 3.488303067500505, 2.9732574586904947, 0.0, 2.8020646338999153, -0.9027061981797542]
          positions: [0.0, 3.5739412307526117, 3.058049722483672, 0.0, 2.872448612161671, -0.9316815165733355]
          positions: [0.0, 3.658890110774162, 3.1421595115098295, 0.0, 2.942266084860096, -0.9604236188362777]
          positions: [0.0, 3.743015527839085, 3.225453971416462, 0.0, 3.01140677285603, -0.9888871058131438]
          positions: [0.0, 3.8261853078140655, 3.3078022336333754, 0.0, 3.0797620453594963, -1.0170272569325096]
          positions: [0.0, 3.90826961642399, 3.3890757463363945, 0.0, 3.1472251946545624, -1.0448001433043002]
          positions: [0.0, 3.9891412935174153, 3.4691486054110996, 0.0, 3.2136917108242136, -1.0721627408171244]
          positions: [0.0, 4.06867618733202, 3.547897885416525, 0.0, 3.2790595564752065, -1.0990730432356117]
          positions: [0.0, 4.1467534887600745, 3.625203970548893, 0.0, 3.3432294414629427, -1.1254901752977453]
          positions: [0.0, 4.223256065613878, 3.7009508856053195, 0.0, 3.4061050976163227, -1.1513745058122011]
          positions: [0.0, 4.298070796891242, 3.7750266269475383, 0.0, 3.467593553462616, -1.17668776075568]
          positions: [0.0, 4.371088907040926, 3.847323493465622, 0.0, 3.5276054089523297, -1.201393136370245]
          positions: [0.0, 4.442206300228113, 3.917738417541693, 0.0, 3.5860551101840605, -1.2254554122606567]
          positions: [0.0, 4.51132389459986, 3.986173296013645, 0.0, 3.6428612241293683, -1.248841064491709]
          positions: [0.0, 4.5783479565505605, 4.052535321138867, 0.0, 3.6979467133576347, -1.2715183786855635]
          positions: [0.0, 4.643190434987392, 4.116737311557944, 0.0, 3.751239210760935, -1.293457563119087]
          positions: [0.0, 4.705769295595786, 4.178698043258402, 0.0, 3.802671294278891, -1.3146308618211846]
          positions: [0.0, 4.766008855104888, 4.238342580538395, 0.0, 3.8521807616235453, -1.3350126676701368]
          positions: [0.0, 4.823840115552996, 4.295602606970452, 0.0, 3.8997109050042154, -1.354579635490934]
          positions: [0.0, 4.879201098553054, 4.350416756365171, 0.0, 3.9452107858523675, -1.3733107951526144]
          positions: [0.0, 4.932037179558068, 4.402730943734962, 0.0, 3.9886355095464703, -1.3911876646655976]
          positions: [0.0, 4.982301422126604, 4.452498696257729, 0.0, 4.0299465001368775, -1.4081943632790184]
          positions: [0.0, 5.029954912188215, 4.499681484240635, 0.0, 4.069111775070665, -1.4243177245780658]
          positions: [0.0, 5.074967092308915, 4.544249052083781, 0.0, 4.106106219916511, -1.4395474095813174]
          positions: [0.0, 5.117316095956648, 4.5861797492439464, 0.0, 4.140911863089568, -1.453876019838075]
          positions: [0.0, 5.156989081766708, 4.625460861198283, 0.0, 4.173518150576306, -1.4672992105256952]
          positions: [0.0, 5.193982567807248, 4.66208894040807, 0.0, 4.203922220659396, -1.4798158035469364]
          positions: [0.0, 5.228302765844701, 4.696070137282399, 0.0, 4.2321291786425554, -1.4914279006272815]
          positions: [0.0, 5.25996591560925, 4.727420531141908, 0.0, 4.258152371575429, -1.5021409964122832]
          positions: [0.0, 5.288998619060287, 4.756166461182493, 0.0, 4.282013662978448, -1.5119640915648924]
          positions: [0.0, 5.315438174651874, 4.782344857439037, 0.0, 4.303743707567689, -1.5209098058628032]
          positions: [0.0, 5.339332911598195, 4.806003571749109, 0.0, 4.32338222597973, -1.528994491295772]
          positions: [0.0, 5.3607425241390185, 4.827201708716702, 0.0, 4.34097827949655, -1.5362383451629693]
          positions: [0.0, 5.379738405805149, 4.846009956675939, 0.0, 4.356590544770336, -1.542665523170312]
          positions: [0.0, 5.396403983683916, 4.862510918654786, 0.0, 4.370287588548415, -1.5483042525277906]
          positions: [0.0, 5.410835052684568, 4.8767994433388, 0.0, 4.382148142398057, -1.5531869450468117]
          positions: [0.0, 5.423140109803814, 4.888982956034802, 0.0, 4.392261377431375, -1.5573503102375312]
          positions: [0.0, 5.433440688391194, 4.8991817896346355, 0.0, 4.4007271790301665, -1.5608354684061974]
          positions: [0.0, 5.441871692414612, 4.9075295155788545, 0.0, 4.407656421570815, -1.5636880637524682]
          positions: [0.0, 5.44858173072576, 4.914173274820467, 0.0, 4.413171243149101, -1.5659583774667665]
          positions: [0.0, 5.453733451325565, 4.919274108788638, 0.0, 4.417405320305097, -1.5677014408276078]
          positions: [0.0, 5.457503875629694, 4.923007290352405, 0.0, 4.420504142748051, -1.568977148298928]
          positions: [0.0, 5.46008473273395, 4.925562654784411, 0.0, 4.422625288081214, -1.5698503706274352]
          positions: [0.0, 5.46168279367976, 4.927144930724587, 0.0, 4.423938696526697, -1.5703910679399282]
          positions: [0.0, 5.462520205719667, 4.927974071143943, 0.0, 4.424626945650395, -1.5706744028406483]
          positions: [0.0, 5.462834826582721, 4.928285584308188, 0.0, 4.4248855250867685, -1.570780853508598]
          positions: [0.0, 5.46288055874, 4.928330864741547, 0.0, 4.424923111263793, -1.5707963267948966]
          positions: [0.0, 0.8494118341503831, 0.45493455979181313, 0.0, 0.7155849933176751, 1.5707963267948966]
          positions: [0.035332018411760036, 0.8966671001680205, 0.6000179663336399, 0.00202786552084889, 0.819305138523353, 1.5772111874667367]
          positions: [0.07066403682352007, 0.9439223661856578, 0.7451013728754667, 0.00405573104169778, 0.9230252837290309, 1.583626048138577]
          positions: [0.1059960552352801, 0.9911776322032952, 0.8901847794172935, 0.006083596562546669, 1.0267454289347089, 1.5900409088104173]
          positions: [0.14132807364704014, 1.0384328982209325, 1.0352681859591202, 0.00811146208339556, 1.1304655741403868, 1.5964557694822574]
          positions: [0.17666009205880018, 1.08568816423857, 1.180351592500947, 0.010139327604244448, 1.2341857193460646, 1.6028706301540978]
          positions: [0.2119921104705602, 1.1329434302562074, 1.3254349990427738, 0.012167193125093338, 1.3379058645517425, 1.609285490825938]
          positions: [0.24732412888232025, 1.1801986962738447, 1.4705184055846003, 0.014195058645942229, 1.4416260097574205, 1.6157003514977781]
          positions: [0.2826561472940803, 1.2274539622914822, 1.6156018121264273, 0.01622292416679112, 1.5453461549630982, 1.6221152121696185]
          positions: [0.3179881657058403, 1.2747092283091195, 1.760685218668254, 0.018250789687640007, 1.6490663001687762, 1.6285300728414587]
          positions: [0.35332018411760036, 1.3219644943267568, 1.9057686252100807, 0.020278655208488896, 1.7527864453744542, 1.6349449335132988]
          positions: [0.3886522025293604, 1.369219760344394, 2.0508520317519077, 0.022306520729337784, 1.856506590580132, 1.6413597941851392]
          positions: [0.4239842209411204, 1.4164750263620314, 2.1959354382937346, 0.024334386250186676, 1.96022673578581, 1.6477746548569794]
          positions: [0.45931623935288046, 1.463730292379669, 2.341018844835561, 0.02636225177103557, 2.063946880991488, 1.6541895155288195]
          positions: [0.4946482577646405, 1.5109855583973062, 2.4861022513773876, 0.028390117291884457, 2.1676670261971656, 1.66060437620066]
          positions: [0.5299802761764005, 1.5582408244149435, 2.6311856579192145, 0.030417982812733346, 2.2713871714028437, 1.6670192368725]
          positions: [0.5653122945881606, 1.605496090432581, 2.7762690644610415, 0.03244584833358224, 2.3751073166085215, 1.6734340975443402]
          positions: [0.6006443129999206, 1.6527513564502183, 2.921352471002868, 0.034473713854431126, 2.478827461814199, 1.6798489582161806]
          positions: [0.6359763314116806, 1.7000066224678556, 3.066435877544695, 0.036501579375280015, 2.5825476070198774, 1.6862638188880208]
          positions: [0.6713083498234407, 1.7472618884854931, 3.2115192840865214, 0.0385294448961289, 2.686267752225555, 1.692678679559861]
          positions: [0.7066403682352007, 1.7945171545031304, 3.3566026906283484, 0.04055731041697779, 2.789987897431233, 1.6990935402317013]
          positions: [0.7419723866469607, 1.8417724205207677, 3.501686097170175, 0.04258517593782668, 2.8937080426369106, 1.7055084009035415]
          positions: [0.7773044050587208, 1.889027686538405, 3.646769503712002, 0.04461304145867557, 2.997428187842589, 1.7119232615753817]
          positions: [0.8126364234704808, 1.9362829525560425, 3.7918529102538288, 0.046640906979524464, 3.101148333048267, 1.718338122247222]
          positions: [0.8479684418822409, 1.9835382185736798, 3.9369363167956557, 0.04866877250037335, 3.2048684782539447, 1.7247529829190622]
          positions: [0.8833004602940009, 2.0307934845913174, 4.082019723337482, 0.05069663802122224, 3.3085886234596225, 1.7311678435909024]
          positions: [0.9186324787057609, 2.0780487506089544, 4.22710312987931, 0.05272450354207114, 3.4123087686653006, 1.7375827042627427]
          positions: [0.953964497117521, 2.125304016626592, 4.372186536421136, 0.054752369062920025, 3.5160289138709784, 1.743997564934583]
          positions: [0.989296515529281, 2.1725592826442295, 4.517269942962963, 0.056780234583768914, 3.619749059076656, 1.750412425606423]
          positions: [1.024628533941041, 2.2198145486618666, 4.66235334950479, 0.0588081001046178, 3.7234692042823343, 1.7568272862782635]
          positions: [1.059960552352801, 2.267069814679504, 4.8074367560466165, 0.06083596562546669, 3.827189349488012, 1.7632421469501036]
          positions: [0.0, 0.8494118341503831, 0.45493455979181313, 0.0, 0.7155849933176751, 1.5707963267948966]
          positions: [0.04243915895751371, 0.8483451231944451, 0.45695957239809304, -0.029194312192197404, 0.7198516329177835, 1.5645166089801463]
          positions: [0.08461367013563849, 0.846467135438915, 0.46022506910969585, -0.05766268007308905, 0.7265097447766622, 1.5588449018657102]
          positions: [0.12635918509259142, 0.8438327831360275, 0.4647075212713799, -0.08500455708046832, 0.7354467270441257, 1.5541143071839096]
          positions: [0.16752152802495307, 0.8405152378799519, 0.47037578873926184, -0.11088322486408042, 0.7465118230113611, 1.5505940851925877]
          positions: [0.20795964617213558, 0.8366014598888848, 0.477192349921818, -0.13503619802542227, 0.7595267327756866, 1.5484795128449145]
          positions: [0.24754786330549966, 0.8321881323926315, 0.4851145861410751, -0.1572779010897105, 0.7742960240066967, 1.5478896876047925]
          positions: [0.2861773925725391, 0.8273775574915958, 0.49409611701061146, -0.17749585965578482, 0.7906171213861138, 1.548872008131114]
          positions: [0.3237571134269539, 0.8222738008935033, 0.5040881066667183, -0.19564230073596753, 0.8082890609360698, 1.551411375865289]
          positions: [-2.686500542511545, 3.8003594990288527, 0.515040571027924, -2.889013923951974, 4.404156359431061, 1.6645093329584562]
          positions: [-2.6528565348820337, 3.7982084940834904, 0.5269029817221319, -2.8755188304171453, 4.392223166811949, 1.6682717665288027]
          positions: [-2.6204938341379664, 3.7962377659697957, 0.5396261215486358, -2.862979541404955, 4.379858310443603, 1.6712441432214096]
          positions: [-2.589422270440334, 3.7944982571885033, 0.5531618765608862, -2.8514116177231177, 4.367160573486282, 1.6734755526328988]
          positions: [-2.5596390464712218, 3.7930343253925427, 0.5674642819598249, -2.840822319635003, 4.354215233178334, 1.6750230415131635]
          positions: [-2.5311309317515867, 3.791883539447151, 0.5824898431228359, -2.8312120750508476, 4.341094212078146, 1.675948817547528]
          positions: [-2.5038759973329183, 3.791076875494839, 0.5981978163508879, -2.822575551865845, 4.327856684022187, 1.6763180684766958]
          positions: [-2.4778452556250796, 3.7906391145901783, 0.6145503755292759, -2.814902645037911, 4.314550026033358, 1.6761971475411346]
          positions: [-2.4530041661028346, 3.7905893733598037, 0.631512686335865, -2.8081793704659894, 4.301210980705465, 1.6756521221295013]
          positions: [-2.4293139839400517, 3.7909417102092977, 0.6490529082841193, -2.802388664585941, 4.2878669190740535, 1.6747476611941763]
          positions: [-2.406732941855291, 3.7917057615421648, 0.6671421426674937, -2.7975110931165674, 4.2745371197668245, 1.6735462245619328]
          positions: [-2.385217265381288, 3.7928873740008338, 0.6857543418450578, -2.7935254746741855, 4.261234004240878, 1.6721075111658805]
          positions: [-2.364722028903698, 3.794489208857384, 0.7048661926393686, -2.7904094263904216, 4.247964288102743, 1.6704881223970878]
          positions: [-2.3452018643738897, 3.7965113031655555, 0.7244569840983459, -2.7881398389853467, 4.234730024996965, 1.6687413988304924]
          positions: [-2.32661153721908, 3.7989515789567916, 0.7445084676364295, -2.7866932887355094, 4.221529532034073, 1.6669173926958138]
          positions: [-2.308906405095958, 3.801806296779046, 0.765004715660683, -2.786046393549824, 4.208358194734858, 1.6650629435294777]
          positions: [-2.2920427751492265, 3.8050704534891024, 0.7859319832084788, -2.7861761199218047, 4.195209155672393, 1.6632218296730414]
          positions: [-2.275978174777344, 3.808738126621598, 0.8072785758562135, -2.7870600472357467, 4.182073894772084, 1.6614349734478806]
          positions: [-2.2606715496849437, 3.8128027692381954, 0.8290347261642014, -2.7886765951708132, 4.168942711606752, 1.659740682271608]
          positions: [-2.246083401670508, 3.8172574599701536, 0.8511924801669457, -2.7910052197175186, 4.155805120796114, 1.6581749122613914]
          positions: [-2.232175877208203, 3.8220951132714, 0.8737455948551888, -2.794026583295485, 4.142650171428029, 1.6567715442797297]
          positions: [-2.218912816160672, 3.8273086550880464, 0.896689447190435, -2.797722703034507, 4.1294667016799025, 1.6555626650593815]
          positions: [-2.206259768889879, 3.832891168747918, 0.9200209549193956, -2.802077082236255, 4.116243538087478, 1.6545788486982282]
          positions: [-2.194183988542549, 3.838836015690534, 0.9437385092781633, -2.807074828850258, 4.102969648558436, 1.6538494354981899]
          positions: [-2.1826544042460627, 3.8451369352007445, 0.9678419195823958, -2.8127027649381624, 4.089634256898426, 1.6534028066794706]
          positions: [-2.1716415799356157, 3.8517881269131458, 0.9923323696631129, -2.818949530843792, 4.076226925678816, 1.6532666549080062]
          positions: [-2.1611176626772375, 3.8587843194310167, 1.0172123861330866, -2.8258056876581246, 4.062737613221285, 1.6534682511570824]
          positions: [-2.1510563236173765, 3.8661208280393424, 1.0424858185193377, -2.8332638215256276, 4.0491567096749135, 1.6540347097109325]
          positions: [-2.1414326940675728, 3.8737936041366603, 1.0681578314010722, -2.8413186533120527, 4.035475056299074, 1.654993253367626]
          positions: [-2.1322232987176255, 3.881799278720689, 1.0942349088158074, -2.849967157266352, 4.021683951407645, 1.656371481749196]
          positions: [-2.1234059875579874, 3.890135202012902, 1.1207248713520501, -2.8592086925990494, 4.007775145822226, 1.658197646333726]
          positions: [-2.1149598677053176, 3.8987994811104256, 1.1476369065512255, -2.869045151996169, 3.9937408301690094, 1.660500935994453]
          positions: [-2.1068652360686535, 3.907791017407998, 1.1749816134606699, -2.879481131715086, 3.9795736159371438, 1.6633117779419329]
          positions: [-2.099103513551305, 3.9171095454376585, 1.2027710624566774, -2.8905241284603664, 3.965266511860978, 1.6666621595894695]
          positions: [-2.091657181283133, 3.926755674731509, 1.2310188717876211, -2.9021847689474947, 3.9508128968991776, 1.6705859776643246]
          positions: [-2.084509719245841, 3.936730936326334, 1.2597403026737652, -2.9144770792208545, 3.936206490863861, 1.6751194222517853]
          positions: [-2.0776455475199995, 3.9470378356009057, 1.2889523752813365, -2.927418802034404, 3.921441323576326, 1.6803014047227016]
          positions: [-2.0710499703036445, 3.957679913277047, 1.3186740084653445, -2.9410317724380497, 3.906511703317167, 1.6861740404812815]
          positions: [-2.0647091227494934, 3.968661816628622, 1.3489261869042437, -2.955342363705469, 3.8914121852475407, 1.6927831994414035]
          positions: [-2.0586099206627124, 3.9799893832565294, 1.37973216012783, -2.970382018992022, 3.876137540510438, 1.7001791406780562]
          positions: [-2.052740013001639, 3.9916697402039607, 1.4111176790864355, -2.986187887373787, 3.860682726724227, 1.7084172508718778]
          positions: [-2.0470877371287446, 4.003711421755884, 1.4431112773298564, -3.002803588001188, 3.845042860736305, 1.717558911530102]
          positions: [-2.04164207673388, 4.016124510019806, 1.4757446057048993, -3.0202801323838857, 3.829213194735479, 1.7276725264168002]
          positions: [0.0, 0.8494118341503831, 0.45493455979181313, 0.0, 0.7155849933176751, 1.5707963267948966]
          positions: [0.035330958070981446, 0.8966663313942164, 0.6000171962833543, 0.00202751232359527, 0.8193011631130654, 1.5772059516794434]
          positions: [0.07066191614196289, 0.9439208286380496, 0.7450998327748952, 0.00405502464719054, 0.9230173329084557, 1.5836155765639905]
          positions: [0.10599287421294434, 0.991175325881883, 0.8901824692664364, 0.006082536970785811, 1.026733502703846, 1.5900252014485374]
          positions: [0.14132383228392578, 1.038429823125716, 1.0352651057579774, 0.00811004929438108, 1.1304496724992363, 1.5964348263330845]
          positions: [0.17665479035490722, 1.0856843203695494, 1.1803477422495183, 0.01013756161797635, 1.2341658422946264, 1.6028444512176314]
          positions: [0.2119857484258887, 1.1329388176133826, 1.3254303787410595, 0.012165073941571621, 1.337882012090017, 1.6092540761021785]
          positions: [0.24731670649687013, 1.180193314857216, 1.4705130152326005, 0.01419258626516689, 1.4415981818854071, 1.6156637009867254]
          positions: [0.28264766456785156, 1.2274478121010493, 1.6155956517241417, 0.01622009858876216, 1.5453143516807977, 1.6220733258712725]
          positions: [0.31797862263883303, 1.2747023093448824, 1.7606782882156826, 0.01824761091235743, 1.6490305214761878, 1.6284829507558194]
          positions: [0.35330958070981444, 1.3219568065887155, 1.9057609247072236, 0.0202751232359527, 1.752746691271578, 1.6348925756403665]
          positions: [0.3886405387807959, 1.3692113038325489, 2.0508435611987648, 0.022302635559547968, 1.8564628610669685, 1.6413022005249134]
          positions: [0.4239714968517774, 1.4164658010763822, 2.195926197690306, 0.024330147883143242, 1.960179030862359, 1.6477118254094605]
          positions: [0.45930245492275884, 1.4637202983202156, 2.341008834181847, 0.026357660206738513, 2.063895200657749, 1.6541214502940074]
          positions: [0.49463341299374025, 1.5109747955640487, 2.486091470673388, 0.02838517253033378, 2.1676113704531392, 1.6605310751785545]
          positions: [0.5299643710647217, 1.5582292928078818, 2.631174107164929, 0.03041268485392905, 2.27132754024853, 1.6669407000631014]
          positions: [0.5652953291357031, 1.6054837900517152, 2.7762567436564702, 0.03244019717752432, 2.37504371004392, 1.6733503249476482]
          positions: [0.6006262872066847, 1.6527382872955485, 2.921339380148011, 0.03446770950111959, 2.4787598798393105, 1.6797599498321953]
          positions: [0.6359572452776661, 1.6999927845393816, 3.066422016639552, 0.03649522182471486, 2.5824760496347006, 1.6861695747167422]
          positions: [0.6712882033486475, 1.7472472817832148, 3.2115046531310933, 0.03852273414831013, 2.6861922194300907, 1.6925791996012893]
          positions: [0.7066191614196289, 1.794501779027048, 3.356587289622634, 0.0405502464719054, 2.789908389225481, 1.6989888244858362]
          positions: [0.7419501194906104, 1.8417562762708815, 3.5016699261141753, 0.04257775879550067, 2.8936245590208713, 1.7053984493703833]
          positions: [0.7772810775615918, 1.8890107735147146, 3.6467525626057165, 0.044605271119095936, 2.9973407288162615, 1.7118080742549302]
          positions: [0.8126120356325733, 1.936265270758548, 3.7918351990972576, 0.046632783442691214, 3.101056898611652, 1.7182176991394773]
          positions: [0.8479429937035547, 1.9835197680023813, 3.936917835588799, 0.048660295766286485, 3.2047730684070426, 1.7246273240240242]
          positions: [0.8832739517745363, 2.0307742652462144, 4.08200047208034, 0.050687808089881756, 3.3084892382024327, 1.7310369489085713]
          positions: [0.9186049098455177, 2.0780287624900478, 4.227083108571881, 0.052715320413477026, 3.412205407997823, 1.7374465737931182]
          positions: [0.9539358679164991, 2.125283259733881, 4.372165745063422, 0.05474283273707229, 3.5159215777932133, 1.7438561986776653]
          positions: [0.9892668259874805, 2.1725377569777145, 4.517248381554963, 0.05677034506066756, 3.6196377475886035, 1.7502658235622122]
          positions: [1.024597784058462, 2.2197922542215474, 4.662331018046505, 0.05879785738426283, 3.723353917383994, 1.7566754484467593]
          positions: [1.0599287421294434, 2.2670467514653807, 4.8074136545380455, 0.0608253697078581, 3.827070087179384, 1.7630850733313062]
