          positions: [0.0, 0.8203, 0.3316, 0.0, 0.6093, 0.0]
          positions: [0.0, 0.820304748437, 0.331612557879, 0.0, 0.6093, 0.0]
          positions: [0.0, 0.8203504805942768, 0.3316578383123536, 0.0, 0.6093375861770197, -1.5473286296725807e-05]
          positions: [0.0, 0.820665101457335, 0.331969351476604, 0.0, 0.6095961656133978, -0.00012192395424875843]
          positions: [0.0, 0.8215025134972398, 0.3327984918959537, 0.0, 0.610284414737089, -0.00040525885496851073]
          positions: [0.0, 0.8231005744430561, 0.33438076783613624, 0.0, 0.6115978231825759, -0.0009459561674629924]
          positions: [0.0, 0.8256814315473072, 0.3369361322681352, 0.0, 0.6137189685157324, -0.0018191784959693395]
          positions: [0.0, 0.8294518558514321, 0.3406693138319015, 0.0, 0.616817790958688, -0.0030948859672903424]
          positions: [0.0, 0.8346035764512448, 0.3457701478000721, 0.0, 0.6210518681146917, -0.0048379493281299766]
          positions: [0.0, 0.8413136147623923, 0.35241390704168746, 0.0, 0.626566689692976, -0.007108263042428935]
          positions: [0.0, 0.8497446187858128, 0.36076163298591035, 0.0, 0.633495932233621, -0.009960858388700146]
          positions: [0.0, 0.8600451973731935, 0.3709604665857434, 0.0, 0.641961733832418, -0.013446016557364313]
          positions: [0.0, 0.872350254492431, 0.3831439792817474, 0.0, 0.6520749688657344, -0.017609381748085438]
          positions: [0.0, 0.886781323493087, 0.39743250396575946, 0.0, 0.6639355227153766, -0.02249207426710638]
          positions: [0.0, 0.9034469013718482, 0.4139334659446109, 0.0, 0.6776325664934549, -0.02813080362458432]
          positions: [0.0, 0.9224427830379845, 0.4327417139038456, 0.0, 0.6932448317672474, -0.034557981631926325]
          positions: [0.0, 0.9438523955788072, 0.45393985087143773, 0.0, 0.7108408852840631, -0.041801835499124924]
          positions: [0.0, 0.967747132525127, 0.4775985651815103, 0.0, 0.7304794036961072, -0.04988652093209358]
          positions: [0.0, 0.9941866881167125, 0.5037769614380531, 0.0, 0.7522094482853443, -0.05883223523000218]
          positions: [0.0, 1.0232193915677494, 0.5325228914786404, 0.0, 0.7760707396883628, -0.06865533038261272]
          positions: [0.0, 1.0548825413322973, 0.5638732853381494, 0.0, 0.8020939326212385, -0.0793684261676146]
          positions: [0.0, 1.0892027393697497, 0.5978544822124787, 0.0, 0.8303008906043988, -0.09098052324796041]
          positions: [0.0, 1.1261962254102906, 0.6344825614222656, 0.0, 0.8607049606874871, -0.10349711626920124]
          positions: [0.0, 1.1658692112203544, 0.6737636733766045, 0.0, 0.8933112481742261, -0.1169203069568223]
          positions: [0.0, 1.2082182148680836, 0.7156943705367657, 0.0, 0.9281168913472824, -0.13124891721357868]
          positions: [0.0, 1.2532303949887864, 0.760261938379912, 0.0, 0.9651113361931303, -0.14647860221683026]
          positions: [0.0, 1.3008838850503968, 0.8074447263628184, 0.0, 1.004276611126916, -0.16260196351587797]
          positions: [0.0, 1.3511481276189303, 0.8572124788855888, 0.0, 1.0455876017173207, -0.17960866212929877]
          positions: [0.0, 1.403984208623946, 0.9095266662553751, 0.0, 1.089012325411426, -0.19748553164228136]
          positions: [0.0, 1.4593451916240023, 0.9643408156500949, 0.0, 1.134512206259577, -0.2162166913039621]
          positions: [0.0, 1.5171764520721136, 1.0216008420821507, 0.0, 1.1820423496402468, -0.23578365912475982]
          positions: [0.0, 1.5774160115812133, 1.0812453793621442, 0.0, 1.2315518169848991, -0.2561654649737116]
          positions: [0.0, 1.6399948721896085, 1.1432061110625993, 0.0, 1.2829839005028556, -0.27733876367580906]
          positions: [0.0, 1.7048373506264396, 1.2074081014816787, 0.0, 1.3362763979061556, -0.29927794810933234]
          positions: [0.0, 1.7718614125771386, 1.2737701266068986, 0.0, 1.3913618871344238, -0.32195526230318716]
          positions: [0.0, 1.840979006948887, 1.3422050050788523, 0.0, 1.4481680010797309, -0.34534091453423954]
          positions: [0.0, 1.9120964001360754, 1.4126199291549233, 0.0, 1.5066177023114617, -0.3694031904246516]
          positions: [0.0, 1.9851145102857595, 1.4849167956730072, 0.0, 1.5666295578011746, -0.3941085660392166]
          positions: [0.0, 2.0599292415631214, 1.5589925370152269, 0.0, 1.628118013647469, -0.4194218209826953]
          positions: [0.0, 2.1364318184169253, 1.6347394520716525, 0.0, 1.6909936698008492, -0.4453061514971509]
          positions: [0.0, 2.214509119844978, 1.7120455372040204, 0.0, 1.7551635547885844, -0.4717232835592849]
          positions: [0.0, 2.294044013659584, 1.7907948172094468, 0.0, 1.8205314004395785, -0.4986335859777719]
          positions: [0.0, 2.3749156907530096, 1.8708676762841514, 0.0, 1.8869979166092292, -0.5259961834905962]
          positions: [0.0, 2.4569999993629343, 1.952141188987172, 0.0, 1.954461065904297, -0.5537690698623869]
          positions: [0.0, 2.540169779337915, 2.0344894512040836, 0.0, 2.0228163384077624, -0.5819092209817527]
          positions: [0.0, 2.6242951964028385, 2.117783911110715, 0.0, 2.091957026403696, -0.6103727079586183]
          positions: [0.0, 2.7092440764243886, 2.201893700136872, 0.0, 2.1617744991021217, -0.6391148102215605]
          positions: [0.0, 2.794882239676494, 2.28668596393005, 0.0, 2.232158477363876, -0.6680901286151422]
          positions: [0.0, 2.881073835105793, 2.3720261933191513, 0.0, 2.3029973084254785, -0.6972526984972481]
          positions: [0.0, 2.967681674597094, 2.4577785552782103, 0.0, 2.374178240623991, -0.726556102836422]
          positions: [0.0, 3.0545675672388244, 2.5438062238901034, 0.0, 2.4455876981218827, -0.7559535853092001]
          positions: [0.0, 3.1415926535885, 2.629971711310273, 0.0, 2.5171115556318964, -0.7853981633974484]
          positions: [0.0, 3.2286177399381755, 2.716137198730443, 0.0, 2.58863541314191, -0.8148427414856965]
          positions: [0.0, 3.3155036325799063, 2.8021648673423356, 0.0, 2.660044870639802, -0.8442402239584749]
          positions: [0.0, 3.402111472071205, 2.8879172293013933, 0.0, 2.731225802838313, -0.8735436282976481]
          positions: [0.0, 3.488303067500505, 2.9732574586904947, 0.0, 2.8020646338999153, -0.9027061981797542]
          positions: [0.0, 3.5739412307526117, 3.058049722483672, 0.0, 2.872448612161671, -0.9316815165733355]
          positions: [0.0, 3.658890110774162, 3.1421595115098295, 0.0, 2.942266084860096, -0.9604236188362777]
          positions: [0.0, 3.743015527839085, 3.225453971416462, 0.0, 3.01140677285603, -0.9888871058131438]
          positions: [0.0, 3.8261853078140655, 3.3078022336333754, 0.0, 3.0797620453594963, -1.0170272569325096]
          positions: [0.0, 3.90826961642399, 3.3890757463363945, 0.0, 3.1472251946545624, -1.0448001433043002]
          positions: [0.0, 3.9891412935174153, 3.4691486054110996, 0.0, 3.2136917108242136, -1.0721627408171244]
          positions: [0.0, 4.06867618733202, 3.547897885416525, 0.0, 3.2790595564752065, -1.0990730432356117]
          positions: [0.0, 4.1467534887600745, 3.625203970548893, 0.0, 3.3432294414629427, -1.1254901752977453]
          positions: [0.0, 4.223256065613878, 3.7009508856053195, 0.0, 3.4061050976163227, -1.1513745058122011]
          positions: [0.0, 4.298070796891242, 3.7750266269475383, 0.0, 3.467593553462616, -1.17668776075568]
          positions: [0.0, 4.371088907040926, 3.847323493465622, 0.0, 3.5276054089523297, -1.201393136370245]
          positions: [0.0, 4.442206300228113, 3.917738417541693, 0.0, 3.5860551101840605, -1.2254554122606567]
          positions: [0.0, 4.51132389459986, 3.986173296013645, 0.0, 3.6428612241293683, -1.248841064491709]
          positions: [0.0, 4.5783479565505605, 4.052535321138867, 0.0, 3.6979467133576347, -1.2715183786855635]
          positions: [0.0, 4.643190434987392, 4.116737311557944, 0.0, 3.751239210760935, -1.293457563119087]
          positions: [0.0, 4.705769295595786, 4.178698043258402, 0.0, 3.802671294278891, -1.3146308618211846]
          positions: [0.0, 4.766008855104888, 4.238342580538395, 0.0, 3.8521807616235453, -1.3350126676701368]
          positions: [0.0, 4.823840115552996, 4.295602606970452, 0.0, 3.8997109050042154, -1.354579635490934]
          positions: [0.0, 4.879201098553054, 4.350416756365171, 0.0, 3.9452107858523675, -1.3733107951526144]
          positions: [0.0, 4.932037179558068, 4.402730943734962, 0.0, 3.9886355095464703, -1.3911876646655976]
          positions: [0.0, 4.982301422126604, 4.452498696257729, 0.0, 4.0299465001368775, -1.4081943632790184]
          positions: [0.0, 5.029954912188215, 4.499681484240635, 0.0, 4.069111775070665, -1.4243177245780658]
          positions: [0.0, 5.074967092308915, 4.544249052083781, 0.0, 4.106106219916511, -1.4395474095813174]
          positions: [0.0, 5.117316095956648, 4.5861797492439464, 0.0, 4.140911863089568, -1.453876019838075]
          positions: [0.0, 5.156989081766708, 4.625460861198283, 0.0, 4.173518150576306, -1.4672992105256952]
          positions: [0.0, 5.193982567807248, 4.66208894040807, 0.0, 4.203922220659396, -1.4798158035469364]
          positions: [0.0, 5.228302765844701, 4.696070137282399, 0.0, 4.2321291786425554, -1.4914279006272815]
          positions: [0.0, 5.25996591560925, 4.727420531141908, 0.0, 4.258152371575429, -1.5021409964122832]
          positions: [0.0, 5.288998619060287, 4.756166461182493, 0.0, 4.282013662978448, -1.5119640915648924]
          positions: [0.0, 5.315438174651874, 4.782344857439037, 0.0, 4.303743707567689, -1.5209098058628032]
          positions: [0.0, 5.339332911598195, 4.806003571749109, 0.0, 4.32338222597973, -1.528994491295772]
          positions: [0.0, 5.3607425241390185, 4.827201708716702, 0.0, 4.34097827949655, -1.5362383451629693]
          positions: [0.0, 5.379738405805149, 4.846009956675939, 0.0, 4.356590544770336, -1.542665523170312]
          positions: [0.0, 5.396403983683916, 4.862510918654786, 0.0, 4.370287588548415, -1.5483042525277906]
          positions: [0.0, 5.410835052684568, 4.8767994433388, 0.0, 4.382148142398057, -1.5531869450468117]
          positions: [0.0, 5.423140109803814, 4.888982956034802, 0.0, 4.392261377431375, -1.5573503102375312]
          positions: [0.0, 5.433440688391194, 4.8991817896346355, 0.0, 4.4007271790301665, -1.5608354684061974]
          positions: [0.0, 5.441871692414612, 4.9075295155788545, 0.0, 4.407656421570815, -1.5636880637524682]
          positions: [0.0, 5.44858173072576, 4.914173274820467, 0.0, 4.413171243149101, -1.5659583774667665]
          positions: [0.0, 5.453733451325565, 4.919274108788638, 0.0, 4.417405320305097, -1.5677014408276078]
          positions: [0.0, 5.457503875629694, 4.923007290352405, 0.0, 4.420504142748051, -1.568977148298928]
          positions: [0.0, 5.46008473273395, 4.925562654784411, 0.0, 4.422625288081214, -1.5698503706274352]
          positions: [0.0, 5.46168279367976, 4.927144930724587, 0.0, 4.423938696526697, -1.5703910679399282]
          positions: [0.0, 5.462520205719667, 4.927974071143943, 0.0, 4.424626945650395, -1.5706744028406483]
          positions: [0.0, 5.462834826582721, 4.928285584308188, 0.0, 4.4248855250867685, -1.570780853508598]
          positions: [0.0, 5.46288055874, 4.928330864741547, 0.0, 4.424923111263793, -1.5707963267948966]
          positions: [2.953154702857049, 2.1042908717083817, 1.1746169867380398, -2.8118622078092166, 2.525812478094288, 0.5389515568467875]
          positions: [3.0363941881568546, 2.078321458116022, 1.1970047922713132, -2.894045915397633, 2.4913473570154663, 0.6175289761980184]
          positions: [3.11963367345666, 2.052352044523662, 1.2193925978045865, -2.976229622986049, 2.4568822359366447, 0.6961063955492491]
          positions: [3.2028731587564656, 2.026382630931302, 1.2417804033378597, -3.0584133305744654, 2.422417114857823, 0.77468381490048]
          positions: [3.286112644056271, 2.0004132173389424, 1.264168208871133, -3.1405970381628814, 2.3879519937790015, 0.8532612342517107]
          positions: [3.3693521293560766, 1.9744438037465823, 1.2865560144044064, -3.222780745751298, 2.35348687270018, 0.9318386536029417]
          positions: [3.452591614655882, 1.9484743901542225, 1.3089438199376797, -3.304964453339714, 2.3190217516213583, 1.0104160729541725]
          positions: [3.5358310999556877, 1.9225049765618627, 1.3313316254709529, -3.38714816092813, 2.2845566305425367, 1.0889934923054034]
          positions: [3.619070585255493, 1.8965355629695029, 1.3537194310042262, -3.469331868516546, 2.250091509463715, 1.1675709116566342]
          positions: [3.7023100705552987, 1.8705661493771428, 1.3761072365374996, -3.5515155761049626, 2.2156263883848935, 1.246148331007865]
          positions: [3.785549555855104, 1.844596735784783, 1.398495042070773, -3.633699283693379, 2.181161267306072, 1.3247257503590957]
          positions: [3.8687890411549097, 1.8186273221924232, 1.4208828476040463, -3.715882991281795, 2.1466961462272502, 1.4033031697103266]
          positions: [3.9520285264547153, 1.7926579086000634, 1.4432706531373194, -3.798066698870211, 2.1122310251484286, 1.4818805890615574]
          positions: [4.035268011754521, 1.7666884950077035, 1.4656584586705927, -3.8802504064586274, 2.077765904069607, 1.5604580084127881]
          positions: [4.118507497054326, 1.7407190814153437, 1.488046264203866, -3.962434114047044, 2.0433007829907854, 1.6390354277640191]
          positions: [4.201746982354132, 1.7147496678229839, 1.5104340697371395, -4.04461782163546, 2.008835661911964, 1.7176128471152499]
          positions: [4.284986467653937, 1.688780254230624, 1.5328218752704126, -4.126801529223876, 1.974370540833142, 1.7961902664664806]
          positions: [4.368225952953743, 1.662810840638264, 1.555209680803686, -4.208985236812293, 1.9399054197543204, 1.8747676858177116]
          positions: [4.451465438253548, 1.6368414270459042, 1.5775974863369593, -4.291168944400709, 1.9054402986754988, 1.9533451051689423]
          positions: [-0.5335126953156097, 4.281468430917399, 5.243297574183213, 1.0593885088759103, 2.540215004672121, 0.1547533736475391]
          positions: [-0.4581566494003275, 4.269634417777366, 5.252114410932594, 0.9941476772510742, 2.604167268696176, 0.20465393420388894]
          positions: [-0.3757857372336295, 4.259016371988263, 5.260062926414811, 0.9035352867291628, 2.6710304449456954, 0.2794947387776459]
          positions: [-0.2865590950058989, 4.249918179088416, 5.267131034626627, 0.7735707195271697, 2.738054074530115, 0.3932932839798415]
          positions: [-0.1910816866421083, 4.242650123605107, 5.273307553362058, 0.5827984935801157, 2.7998451149463714, 0.5675663004745544]
          positions: [-0.09048942651625011, 4.237507099814906, 5.278582367409129, 0.307412095262056, 2.846811166109915, 0.8262088148872462]
          positions: [0.013544268279630737, 4.234740750978405, 5.2829465684544274, -0.04718730121175136, 2.865772699809813, 1.1639339251357075]
          positions: [0.11891775523539828, 4.234530362686843, 5.2863925971217975, -0.4084183424343823, 2.8484702966822737, 1.5082928438404999]
          positions: [0.22332642504024225, 4.236959520411015, 5.288914387077841, -0.6963045604716851, 2.800622736257885, 1.7794470518442862]
          positions: [0.3245531463461448, 4.242004755523241, 5.290507385245464, -0.8971853691195864, 2.735212589695183, 1.9638634850836678]
          positions: [0.4207369979258395, 4.249541554458927, 5.291168724234923, -1.0335416636331012, 2.662816774689501, 2.0841262080485023]
          positions: [0.510544885109903, 4.259363289889349, 5.290897195641981, -1.1278544872486755, 2.5898480234483108, 2.1627866970262812]
          positions: [0.5932157972299839, 4.271208541882343, 5.289693291714419, -1.195099715902414, 2.5198277458988256, 2.214857178550166]
          positions: [0.6684993636989154, 4.284788863936711, 5.287559200223094, -1.2444781644149159, 2.454535987439303, 2.2495452946164556]
          positions: [0.7365366274346695, 4.299811842709924, 5.28449876724205, -1.2816598009879894, 2.394717409529884, 2.272506118784003]
          positions: [0.7977221451378104, 4.3159962196892145, 5.280518484136342, -1.3102439138880557, 2.34051804524747, 2.2873138407511084]
          positions: [0.8526184654095507, 4.333085774232041, 5.275623049511097, -1.3325610953252611, 2.2917054175655656, 2.2962576397420866]
          positions: [0.9018248232338155, 4.350847114479943, 5.269822037389618, -1.3502115154013425, 2.2479085621588406, 2.300907381104624]
          positions: [0.9459527748633301, 4.369074816029238, 5.263125076306343, -1.3642993785187463, 2.208665025217374, 2.3023352852889714]
          positions: [0.9855832845705758, 4.387589256411514, 5.255542922066766, -1.3756130579043881, 2.17349691907128, 2.3013025593013525]
          positions: [1.0212490218253505, 4.406234400596519, 5.247087301148386, -1.384728597413705, 2.1419442618583666, 2.2983636058230115]
          positions: [1.0534274015687517, 4.424875240153937, 5.237770744825638, -1.3920756025600987, 2.113581744560071, 2.2939318453986366]
          positions: [1.0825400973233712, 4.443395247942254, 5.227606417386566, -1.3979803506894288, 2.0880255517700776, 2.28832229855763]
          positions: [1.1089561165381858, 4.461694027388483, 5.21660794151216, -1.4026947034108246, 2.0649344842651622, 2.2817797363931454]
          positions: [1.132996582992198, 4.479685225324129, 5.204789223697766, -1.4064159354370522, 2.044008022975906, 2.2744976634225655]
          positions: [1.1549401115739222, 4.497294717101908, 5.1921642822487835, -1.4093006111271105, 2.024982923039153, 2.266631357051692]
          positions: [1.175028146886623, 4.514459043399228, 5.178747079927427, -1.4114744747173138, 2.007629260750467, 2.258306983103088]
          positions: [1.193469940876602, 4.531124066623542, 5.164551362866023, -1.4130396174764566, 1.991746445522261, 2.249628077698496]
          positions: [1.210447026397788, 4.547243812841944, 5.1495905068730305, -1.4140797507723188, 1.9771594618640276, 2.2406802346699712]
          positions: [1.2261171474284704, 4.5627794677384115, 5.133877371789589, -1.414664139714485, 1.9637154617160901, 2.2315345529903086]
          positions: [1.2406176624645344, 4.577698499483149, 5.117424164115918, -1.414850575151482, 1.9512807455279135, 2.222250215800364]
          positions: [1.2540684647978495, 4.591973886123047, 5.100242307737701, -1.4146876456006083, 1.9397381262639837, 2.2128764531792995]
          positions: [1.2665744740753593, 4.605583429445343, 5.082342322188378, -1.4142164928713825, 1.928984648445999, 2.2034540616291634]
          positions: [1.2782277551379666, 4.618509140995126, 5.063733707603842, -1.4134721824510341, 1.9189296251398242, 2.194016600162195]
          positions: [1.2891093170520247, 4.630736688919684, 5.044424835204713, -1.412484783187014, 1.9094929535400178, 2.1845913467652127]
          positions: [1.2992906400408117, 4.642254896671156, 5.024422841910632, -1.411280225392737, 1.9006036713557135, 2.175200074283549]
          positions: [1.3088349721237322, 4.653055286369069, 5.003733527429356, -1.409880988375446, 1.8921987194248422, 2.165859687591602]
          positions: [1.317798431451354, 4.663131660958287, 4.982361251991857, -1.4083066555767567, 1.8842218799871313, 2.1565827519852068]
          positions: [1.326230944950041, 4.6724797202164785, 4.960308832621088, -1.40657436596661, 1.8766228639227838, 2.1473779342261428]
          positions: [1.334177049126842, 4.681096706336596, 4.937577435636773, -1.404699183590384, 1.869356524069615, 2.138250371711314]
          positions: [1.3416765747559811, 4.6889810752303385, 4.914166462819139, -1.4026944020412142, 1.8623821750434122, 2.1292019809022182]
          positions: [1.3487652336475784, 4.696132189940227, 4.890073428315039, -1.4005717967650346, 1.8556630028507273, 2.1202317129643453]
          positions: [1.3554751227285255, 4.70255003267546, 4.8652938230336575, -1.3983418353622696, 1.8491655501356827, 2.111335762250561]
          positions: [2.953154702857049, 2.1042908717083817, 1.1746169867380398, -2.8118622078092166, 2.525812478094288, 0.5389515568467875]
          positions: [3.0363964656951308, 2.0783155542224887, 1.1970092666040917, -2.8940486065635906, 2.491345435608139, 0.6175338551498966]
          positions: [3.119638228533212, 2.0523402367365953, 1.2194015464701438, -2.976235005317965, 2.4568783931219897, 0.6961161534530056]
          positions: [3.2028799913712938, 2.0263649192507023, 1.2417938263361956, -3.058421404072339, 2.422411350635841, 0.7746984517561145]
          positions: [3.2861217542093755, 2.0003896017648093, 1.2641861062022475, -3.1406078028267137, 2.387944308149692, 0.8532807500592235]
          positions: [3.3693635170474567, 1.974414284278916, 1.2865783860682993, -3.2227942015810878, 2.353477265663543, 0.9318630483623326]
          positions: [3.4526052798855384, 1.9484389667930229, 1.3089706659343514, -3.3049806003354623, 2.319010223177394, 1.0104453466654415]
          positions: [3.53584704272362, 1.9224636493071299, 1.3313629458004033, -3.3871669990898363, 2.284543180691245, 1.0890276449685508]
          positions: [3.6190888055617014, 1.8964883318212367, 1.3537552256664551, -3.469353397844211, 2.250076138205096, 1.1676099432716596]
          positions: [3.702330568399783, 1.8705130143353434, 1.376147505532507, -3.551539796598585, 2.215609095718947, 1.2461922415747686]
          positions: [3.785572331237865, 1.8445376968494505, 1.398539785398559, -3.633726195352959, 2.181142053232798, 1.3247745398778776]
          positions: [3.8688140940759466, 1.8185623793635572, 1.420932065264611, -3.7159125941073334, 2.146675010746649, 1.4033568381809867]
          positions: [3.952055856914028, 1.7925870618776643, 1.4433243451306628, -3.7980989928617075, 2.1122079682605, 1.4819391364840957]
          positions: [4.035297619752109, 1.766611744391771, 1.4657166249967148, -3.8802853916160815, 2.077740925774351, 1.5605214347872045]
          positions: [4.118539382590191, 1.740636426905878, 1.4881089048627667, -3.962471790370456, 2.0432738832882023, 1.6391037330903138]
          positions: [4.2017811454282725, 1.7146611094199848, 1.5105011847288186, -4.0446581891248305, 2.008806840802053, 1.7176860313934228]
          positions: [4.285022908266354, 1.6886857919340916, 1.5328934645948704, -4.126844587879205, 1.9743397983159041, 1.7962683296965316]
          positions: [4.368264671104436, 1.6627104744481986, 1.5552857444609225, -4.209030986633579, 1.939872755829755, 1.8748506279996406]
          positions: [4.451506433942518, 1.6367351569623054, 1.5776780243269743, -4.291217385387953, 1.9054057133436062, 1.9534329263027497]
