positions:	0	0.820305	0.3316	0	0.59	0.0]
positions:	0	0.820305	0.331612558	0	0.59	0.0]
positions:	-0.030573018	0.857791073	0.383835097	-0.008846943	0.619293654	-0.011925459293808114]
positions:	-0.061146036	0.895277147	0.436057637	-0.017693887	0.648587309	-0.02385091858761623]
positions:	-0.091719053	0.93276322	0.488280176	-0.02654083	0.677880963	-0.03577637788142434]
positions:	-0.122292071	0.970249293	0.540502716	-0.035387773	0.707174617	-0.04770183717523246]
positions:	-0.152865089	1.007735367	0.592725255	-0.044234717	0.736468271	-0.059627296469040574]
positions:	-0.183438107	1.04522144	0.644947794	-0.05308166	0.765761926	-0.07155275576284868]
positions:	-0.214011125	1.082707513	0.697170334	-0.061928604	0.79505558	-0.0834782150566568]
positions:	-0.244584142	1.120193586	0.749392873	-0.070775547	0.824349234	-0.09540367435046491]
positions:	-0.27515716	1.15767966	0.801615413	-0.07962249	0.853642889	-0.10732913364427302]
positions:	-0.305730178	1.195165733	0.853837952	-0.088469434	0.882936543	-0.11925459293808115]
positions:	-0.336303196	1.232651806	0.906060492	-0.097316377	0.912230197	-0.13118005223188925]
positions:	-0.366876214	1.27013788	0.958283031	-0.10616332	0.941523851	-0.14310551152569737]
positions:	-0.397449231	1.307623953	1.01050557	-0.115010264	0.970817506	-0.15503097081950548]
positions:	-0.428022249	1.345110026	1.06272811	-0.123857207	1.00011116	-0.1669564301133136]
positions:	-0.458595267	1.3825961	1.114950649	-0.132704151	1.029404814	-0.1788818894071217]
positions:	-0.489168285	1.420082173	1.167173189	-0.141551094	1.058698469	-0.19080734870092983]
positions:	-0.519741303	1.457568246	1.219395728	-0.150398037	1.087992123	-0.20273280799473795]
positions:	-0.55031432	1.495054319	1.271618268	-0.159244981	1.117285777	-0.21465826728854603]
positions:	-0.580887338	1.532540393	1.323840807	-0.168091924	1.146579431	-0.22658372658235418]
positions:	-0.611460356	1.570026466	1.376063346	-0.176938867	1.175873086	-0.2385091858761623]
positions:	-0.642033374	1.607512539	1.428285886	-0.185785811	1.20516674	-0.2504346451699704]
positions:	-0.672606392	1.644998613	1.480508425	-0.194632754	1.234460394	-0.2623601044637785]
positions:	-0.703179409	1.682484686	1.532730965	-0.203479698	1.263754048	-0.2742855637575866]
positions:	-0.733752427	1.719970759	1.584953504	-0.212326641	1.293047703	-0.28621102305139473]
positions:	-0.764325445	1.757456833	1.637176044	-0.221173584	1.322341357	-0.29813648234520285]
positions:	-0.794898463	1.794942906	1.689398583	-0.230020528	1.351635011	-0.31006194163901096]
positions:	-0.82547148	1.832428979	1.741621122	-0.238867471	1.380928666	-0.3219874009328191]
positions:	-0.856044498	1.869915052	1.793843662	-0.247714414	1.41022232	-0.3339128602266272]
positions:	-0.886617516	1.907401126	1.846066201	-0.256561358	1.439515974	-0.34583831952043526]
positions:	-0.917190534	1.944887199	1.898288741	-0.265408301	1.468809628	-0.3577637788142434]
positions:	-0.947763552	1.982373272	1.95051128	-0.274255244	1.498103283	-0.36968923810805154]
positions:	-0.978336569	2.019859346	2.00273382	-0.283102188	1.527396937	-0.38161469740185966]
positions:	-1.008909587	2.057345419	2.054956359	-0.291949131	1.556690591	-0.3935401566956678]
positions:	-1.039482605	2.094831492	2.107178898	-0.300796075	1.585984246	-0.4054656159894759]
positions:	-1.070055623	2.132317566	2.159401438	-0.309643018	1.6152779	-0.41739107528328395]
positions:	-1.100628641	2.169803639	2.211623977	-0.318489961	1.644571554	-0.42931653457709207]
positions:	-1.131201658	2.207289712	2.263846517	-0.327336905	1.673865208	-0.4412419938709002]
positions:	-1.161774676	2.244775786	2.316069056	-0.336183848	1.703158863	-0.45316745316470836]
positions:	-1.192347694	2.282261859	2.368291596	-0.345030791	1.732452517	-0.46509291245851647]
positions:	-1.222920712	2.319747932	2.420514135	-0.353877735	1.761746171	-0.4770183717523246]
positions:	-1.25349373	2.357234005	2.472736674	-0.362724678	1.791039826	-0.48894383104613265]
positions:	-1.284066747	2.394720079	2.524959214	-0.371571622	1.82033348	-0.5008692903399408]
positions:	-1.314639765	2.432206152	2.577181753	-0.380418565	1.849627134	-0.5127947496337489]
positions:	-1.345212783	2.469692225	2.629404293	-0.389265508	1.878920788	-0.524720208927557]
positions:	-1.375785801	2.507178299	2.681626832	-0.398112452	1.908214443	-0.5366456682213652]
positions:	-1.406358819	2.544664372	2.733849372	-0.406959395	1.937508097	-0.5485711275151732]
positions:	-1.436931836	2.582150445	2.786071911	-0.415806338	1.966801751	-0.5604965868089813]
positions:	-1.467504854	2.619636519	2.83829445	-0.424653282	1.996095406	-0.5724220461027895]
positions:	-1.498077872	2.657122592	2.89051699	-0.433500225	2.02538906	-0.5843475053965975]
positions:	-1.52865089	2.694608665	2.942739529	-0.442347169	2.054682714	-0.5962729646904057]
positions:	-1.559223908	2.732094738	2.994962069	-0.451194112	2.083976368	-0.6081984239842139]
positions:	-1.589796925	2.769580812	3.047184608	-0.460041055	2.113270023	-0.6201238832780219]
positions:	-1.620369943	2.807066885	3.099407148	-0.468887999	2.142563677	-0.6320493425718301]
positions:	-1.650942961	2.844552958	3.151629687	-0.477734942	2.171857331	-0.6439748018656382]
positions:	-1.681515979	2.882039032	3.203852226	-0.486581885	2.201150986	-0.6559002611594463]
positions:	-1.712088997	2.919525105	3.256074766	-0.495428829	2.23044464	-0.6678257204532544]
positions:	-1.742662014	2.957011178	3.308297305	-0.504275772	2.259738294	-0.6797511797470625]
positions:	-1.773235032	2.994497252	3.360519845	-0.513122715	2.289031948	-0.6916766390408705]
positions:	-1.80380805	3.031983325	3.412742384	-0.521969659	2.318325603	-0.7036020983346787]
positions:	-1.834381068	3.069469398	3.464964924	-0.530816602	2.347619257	-0.7155275576284869]
positions:	-1.864954086	3.106955471	3.517187463	-0.539663546	2.376912911	-0.7274530169222949]
positions:	-1.895527103	3.144441545	3.569410002	-0.548510489	2.406206566	-0.7393784762161031]
positions:	-1.926100121	3.181927618	3.621632542	-0.557357432	2.43550022	-0.7513039355099111]
positions:	-1.956673139	3.219413691	3.673855081	-0.566204376	2.464793874	-0.7632293948037193]
positions:	-1.987246157	3.256899765	3.726077621	-0.575051319	2.494087528	-0.7751548540975274]
positions:	-2.017819175	3.294385838	3.77830016	-0.583898262	2.523381183	-0.7870803133913356]
positions:	-2.048392192	3.331871911	3.830522699	-0.592745206	2.552674837	-0.7990057726851437]
positions:	-2.07896521	3.369357985	3.882745239	-0.601592149	2.581968491	-0.8109312319789518]
positions:	-2.109538228	3.406844058	3.934967778	-0.610439093	2.611262145	-0.8228566912727598]
positions:	-2.140111246	3.444330131	3.987190318	-0.619286036	2.6405558	-0.8347821505665679]
positions:	-2.170684264	3.481816204	4.039412857	-0.628132979	2.669849454	-0.8467076098603761]
positions:	-2.201257281	3.519302278	4.091635397	-0.636979923	2.699143108	-0.8586330691541841]
positions:	-2.231830299	3.556788351	4.143857936	-0.645826866	2.728436763	-0.8705585284479923]
positions:	-2.262403317	3.594274424	4.196080475	-0.654673809	2.757730417	-0.8824839877418004]
positions:	-2.292976335	3.631760498	4.248303015	-0.663520753	2.787024071	-0.8944094470356085]
positions:	-2.323549353	3.669246571	4.300525554	-0.672367696	2.816317725	-0.9063349063294167]
positions:	-2.35412237	3.706732644	4.352748094	-0.681214639	2.84561138	-0.9182603656232248]
positions:	-2.384695388	3.744218718	4.404970633	-0.690061583	2.874905034	-0.9301858249170329]
positions:	-2.415268406	3.781704791	4.457193173	-0.698908526	2.904198688	-0.942111284210841]
positions:	-2.445841424	3.819190864	4.509415712	-0.70775547	2.933492343	-0.9540367435046492]
positions:	-2.476414441	3.856676938	4.561638251	-0.716602413	2.962785997	-0.9659622027984572]
positions:	-2.506987459	3.894163011	4.613860791	-0.725449356	2.992079651	-0.9778876620922653]
positions:	-2.537560477	3.931649084	4.66608333	-0.7342963	3.021373305	-0.9898131213860734]
positions:	-2.568133495	3.969135157	4.71830587	-0.743143243	3.05066696	-1.0017385806798815]
positions:	-2.598706513	4.006621231	4.770528409	-0.751990186	3.079960614	-1.0136640399736896]
positions:	-2.62927953	4.044107304	4.822750949	-0.76083713	3.109254268	-1.0255894992674979]
positions:	-2.659852548	4.081593377	4.874973488	-0.769684073	3.138547923	-1.037514958561306]
positions:	-2.690425566	4.119079451	4.927196027	-0.778531017	3.167841577	-1.049440417855114]
positions:	-2.720998584	4.156565524	4.979418567	-0.78737796	3.197135231	-1.061365877148922]
positions:	-2.751571602	4.194051597	5.031641106	-0.796224903	3.226428885	-1.0732913364427303]
positions:	-2.782144619	4.231537671	5.083863646	-0.805071847	3.25572254	-1.0852167957365384]
positions:	-2.812717637	4.269023744	5.136086185	-0.81391879	3.285016194	-1.0971422550303465]
positions:	-2.843290655	4.306509817	5.188308725	-0.822765733	3.314309848	-1.1090677143241547]
positions:	-2.873863673	4.34399589	5.240531264	-0.831612677	3.343603503	-1.1209931736179626]
positions:	-2.904436691	4.381481964	5.292753803	-0.84045962	3.372897157	-1.1329186329117709]
positions:	-2.935009708	4.418968037	5.344976343	-0.849306564	3.402190811	-1.144844092205579]
positions:	-2.965582726	4.45645411	5.397198882	-0.858153507	3.431484465	-1.156769551499387]
positions:	-2.996155744	4.493940184	5.449421422	-0.86700045	3.46077812	-1.168695010793195]
positions:	-3.026728762	4.531426257	5.501643961	-0.875847394	3.490071774	-1.1806204700870033]
positions:	-3.05730178	4.56891233	5.553866501	-0.884694337	3.519365428	-1.1925459293808114]
positions:	0	0.820305	0.3316	0	0.59	0.0]
positions:	0	0.820305	0.331612558	0	0.59	0.0]
positions:	-0.030572938	0.857791029	0.38383504	-0.008846511	0.619294391	-0.011925087094980549]
positions:	-0.061145876	0.895277059	0.436057522	-0.017693022	0.648588782	-0.023850174189961097]
positions:	-0.091718814	0.932763088	0.488280004	-0.026539533	0.677883173	-0.03577526128494164]
positions:	-0.122291753	0.970249118	0.540502486	-0.035386044	0.707177564	-0.047700348379922194]
positions:	-0.152864691	1.007735147	0.592724968	-0.044232555	0.736471955	-0.05962543547490275]
positions:	-0.183437629	1.045221176	0.64494745	-0.053079066	0.765766346	-0.07155052256988328]
positions:	-0.214010567	1.082707206	0.697169932	-0.061925577	0.795060737	-0.08347560966486385]
positions:	-0.244583505	1.120193235	0.749392414	-0.070772088	0.824355128	-0.09540069675984439]
positions:	-0.275156443	1.157679265	0.801614896	-0.079618599	0.853649519	-0.10732578385482494]
positions:	-0.305729381	1.195165294	0.853837378	-0.08846511	0.88294391	-0.1192508709498055]
positions:	-0.33630232	1.232651323	0.906059859	-0.097311621	0.912238301	-0.13117595804478605]
positions:	-0.366875258	1.270137353	0.958282341	-0.106158132	0.941532692	-0.14310104513976657]
positions:	-0.397448196	1.307623382	1.010504823	-0.115004643	0.970827083	-0.15502613223474715]
positions:	-0.428021134	1.345109412	1.062727305	-0.123851154	1.000121474	-0.1669512193297277]
positions:	-0.458594072	1.382595441	1.114949787	-0.132697665	1.029415865	-0.17887630642470823]
positions:	-0.48916701	1.42008147	1.167172269	-0.141544176	1.058710256	-0.19080139351968878]
positions:	-0.519739948	1.4575675	1.219394751	-0.150390687	1.088004647	-0.20272648061466933]
positions:	-0.550312887	1.495053529	1.271617233	-0.159237198	1.117299038	-0.21465156770964988]
positions:	-0.580885825	1.532539559	1.323839715	-0.168083709	1.146593429	-0.22657665480463043]
positions:	-0.611458763	1.570025588	1.376062197	-0.17693022	1.17588782	-0.238501741899611]
positions:	-0.642031701	1.607511617	1.428284679	-0.185776731	1.205182211	-0.2504268289945915]
positions:	-0.672604639	1.644997647	1.480507161	-0.194623242	1.234476602	-0.2623519160895721]
positions:	-0.703177577	1.682483676	1.532729643	-0.203469753	1.263770993	-0.2742770031845526]
positions:	-0.733750515	1.719969706	1.584952125	-0.212316264	1.293065384	-0.28620209027953314]
positions:	-0.764323454	1.757455735	1.637174607	-0.221162775	1.322359775	-0.2981271773745137]
positions:	-0.794896392	1.794941765	1.689397089	-0.230009286	1.351654166	-0.3100522644694943]
positions:	-0.82546933	1.832427794	1.741619571	-0.238855797	1.380948557	-0.3219773515644748]
positions:	-0.856042268	1.869913823	1.793842053	-0.247702308	1.410242948	-0.3339024386594554]
positions:	-0.886615206	1.907399853	1.846064535	-0.256548819	1.439537339	-0.34582752575443587]
positions:	-0.917188144	1.944885882	1.898287017	-0.26539533	1.46883173	-0.35775261284941645]
positions:	-0.947761083	1.982371912	1.950509499	-0.274241841	1.498126121	-0.36967769994439703]
positions:	-0.978334021	2.019857941	2.002731981	-0.283088352	1.527420512	-0.38160278703937756]
positions:	-1.008906959	2.05734397	2.054954463	-0.291934863	1.556714903	-0.39352787413435814]
positions:	-1.039479897	2.09483	2.107176945	-0.300781374	1.586009294	-0.40545296122933866]
positions:	-1.070052835	2.132316029	2.159399427	-0.309627885	1.615303685	-0.4173780483243192]
positions:	-1.100625773	2.169802059	2.211621909	-0.318474396	1.644598076	-0.42930313541929976]
positions:	-1.131198711	2.207288088	2.263844391	-0.327320907	1.673892467	-0.4412282225142803]
positions:	-1.16177165	2.244774117	2.316066872	-0.336167418	1.703186858	-0.45315330960926087]
positions:	-1.192344588	2.282260147	2.368289354	-0.34501393	1.732481249	-0.4650783967042414]
positions:	-1.222917526	2.319746176	2.420511836	-0.353860441	1.76177564	-0.477003483799222]
positions:	-1.253490464	2.357232206	2.472734318	-0.362706952	1.791070031	-0.4889285708942025]
positions:	-1.284063402	2.394718235	2.5249568	-0.371553463	1.820364422	-0.500853657989183]
positions:	-1.31463634	2.432204264	2.577179282	-0.380399974	1.849658813	-0.5127787450841635]
positions:	-1.345209278	2.469690294	2.629401764	-0.389246485	1.878953204	-0.5247038321791442]
positions:	-1.375782217	2.507176323	2.681624246	-0.398092996	1.908247595	-0.5366289192741247]
positions:	-1.406355155	2.544662353	2.733846728	-0.406939507	1.937541986	-0.5485540063691052]
positions:	-1.436928093	2.582148382	2.78606921	-0.415786018	1.966836377	-0.5604790934640858]
positions:	-1.467501031	2.619634411	2.838291692	-0.424632529	1.996130768	-0.5724041805590663]
positions:	-1.498073969	2.657120441	2.890514174	-0.43347904	2.025425159	-0.5843292676540469]
positions:	-1.528646907	2.69460647	2.942736656	-0.442325551	2.05471955	-0.5962543547490274]
positions:	-1.559219845	2.7320925	2.994959138	-0.451172062	2.084013941	-0.608179441844008]
positions:	-1.589792784	2.769578529	3.04718162	-0.460018573	2.113308332	-0.6201045289389886]
positions:	-1.620365722	2.807064558	3.099404102	-0.468865084	2.142602723	-0.6320296160339691]
positions:	-1.65093866	2.844550588	3.151626584	-0.477711595	2.171897114	-0.6439547031289496]
positions:	-1.681511598	2.882036617	3.203849066	-0.486558106	2.201191505	-0.6558797902239303]
positions:	-1.712084536	2.919522647	3.256071548	-0.495404617	2.230485896	-0.6678048773189108]
positions:	-1.742657474	2.957008676	3.30829403	-0.504251128	2.259780287	-0.6797299644138912]
positions:	-1.773230412	2.994494705	3.360516512	-0.513097639	2.289074678	-0.6916550515088717]
positions:	-1.803803351	3.031980735	3.412738994	-0.52194415	2.318369069	-0.7035801386038524]
positions:	-1.834376289	3.069466764	3.464961476	-0.530790661	2.34766346	-0.7155052256988329]
positions:	-1.864949227	3.106952794	3.517183958	-0.539637172	2.376957851	-0.7274303127938134]
positions:	-1.895522165	3.144438823	3.56940644	-0.548483683	2.406252242	-0.7393553998887941]
positions:	-1.926095103	3.181924852	3.621628922	-0.557330194	2.435546633	-0.7512804869837746]
positions:	-1.956668041	3.219410882	3.673851404	-0.566176705	2.464841024	-0.7632055740787551]
positions:	-1.987240979	3.256896911	3.726073885	-0.575023216	2.494135415	-0.7751306611737357]
positions:	-2.017813918	3.294382941	3.778296367	-0.583869727	2.523429807	-0.7870557482687163]
positions:	-2.048386856	3.33186897	3.830518849	-0.592716238	2.552724198	-0.7989808353636968]
positions:	-2.078959794	3.369355	3.882741331	-0.601562749	2.582018589	-0.8109059224586773]
positions:	-2.109532732	3.406841029	3.934963813	-0.61040926	2.61131298	-0.8228310095536578]
positions:	-2.14010567	3.444327058	3.987186295	-0.619255771	2.640607371	-0.8347560966486384]
positions:	-2.170678608	3.481813088	4.039408777	-0.628102282	2.669901762	-0.8466811837436189]
positions:	-2.201251546	3.519299117	4.091631259	-0.636948793	2.699196153	-0.8586062708385995]
positions:	-2.231824485	3.556785147	4.143853741	-0.645795304	2.728490544	-0.87053135793358]
positions:	-2.262397423	3.594271176	4.196076223	-0.654641815	2.757784935	-0.8824564450285606]
positions:	-2.292970361	3.631757205	4.248298705	-0.663488326	2.787079326	-0.8943815321235411]
positions:	-2.323543299	3.669243235	4.300521187	-0.672334837	2.816373717	-0.9063066192185217]
positions:	-2.354116237	3.706729264	4.352743669	-0.681181348	2.845668108	-0.9182317063135023]
positions:	-2.384689175	3.744215294	4.404966151	-0.690027859	2.874962499	-0.9301567934084828]
positions:	-2.415262113	3.781701323	4.457188633	-0.69887437	2.90425689	-0.9420818805034634]
positions:	-2.445835052	3.819187352	4.509411115	-0.707720881	2.933551281	-0.954006967598444]
positions:	-2.47640799	3.856673382	4.561633597	-0.716567392	2.962845672	-0.9659320546934245]
positions:	-2.506980928	3.894159411	4.613856079	-0.725413903	2.992140063	-0.977857141788405]
positions:	-2.537553866	3.931645441	4.666078561	-0.734260414	3.021434454	-0.9897822288833855]
positions:	-2.568126804	3.96913147	4.718301043	-0.743106925	3.050728845	-1.001707315978366]
positions:	-2.598699742	4.006617499	4.770523525	-0.751953436	3.080023236	-1.0136324030733466]
positions:	-2.629272681	4.044103529	4.822746007	-0.760799947	3.109317627	-1.025557490168327]
positions:	-2.659845619	4.081589558	4.874968489	-0.769646458	3.138612018	-1.0374825772633078]
positions:	-2.690418557	4.119075588	4.927190971	-0.778492969	3.167906409	-1.0494076643582884]
positions:	-2.720991495	4.156561617	4.979413453	-0.78733948	3.1972008	-1.0613327514532689]
positions:	-2.751564433	4.194047646	5.031635935	-0.796185991	3.226495191	-1.0732578385482494]
positions:	-2.782137371	4.231533676	5.083858417	-0.805032502	3.255789582	-1.08518292564323]
positions:	-2.812710309	4.269019705	5.136080898	-0.813879013	3.285083973	-1.0971080127382105]
positions:	-2.843283248	4.306505735	5.18830338	-0.822725524	3.314378364	-1.109033099833191]
positions:	-2.873856186	4.343991764	5.240525862	-0.831572035	3.343672755	-1.1209581869281715]
positions:	-2.904429124	4.381477793	5.292748344	-0.840418546	3.372967146	-1.132883274023152]
positions:	-2.935002062	4.418963823	5.344970826	-0.849265057	3.402261537	-1.1448083611181326]
positions:	-2.965575	4.456449852	5.397193308	-0.858111568	3.431555928	-1.1567334482131133]
positions:	-2.996147938	4.493935882	5.44941579	-0.866958079	3.460850319	-1.1686585353080938]
positions:	-3.026720876	4.531421911	5.501638272	-0.87580459	3.49014471	-1.1805836224030744]
positions:	-3.057293815	4.56890794	5.553860754	-0.884651101	3.519439101	-1.1925087094980549]
