positions:	0	0.820305	0.3316	0	0.59	0.0]
positions:	0	0.820305	0.331612558	0	0.59	0.0]
positions:	0.017873574	0.834019945	0.376792065	-0.030433719	0.630656258	-0.02306583646269662]
positions:	0.035747147	0.847734891	0.421971572	-0.060867438	0.671312517	-0.04613167292539324]
positions:	0.053620721	0.861449836	0.467151079	-0.091301157	0.711968775	-0.06919750938808986]
positions:	0.071494295	0.875164781	0.512330587	-0.121734876	0.752625034	-0.09226334585078648]
positions:	0.089367869	0.888879727	0.557510094	-0.152168595	0.793281292	-0.1153291823134831]
positions:	0.107241442	0.902594672	0.602689601	-0.182602314	0.833937551	-0.1383950187761797]
positions:	0.125115016	0.916309618	0.647869108	-0.213036033	0.874593809	-0.16146085523887635]
positions:	0.14298859	0.930024563	0.693048615	-0.243469752	0.915250068	-0.18452669170157296]
positions:	0.160862164	0.943739508	0.738228122	-0.273903471	0.955906326	-0.2075925281642696]
positions:	0.178735737	0.957454454	0.783407629	-0.30433719	0.996562585	-0.2306583646269662]
positions:	0.196609311	0.971169399	0.828587137	-0.334770909	1.037218843	-0.2537242010896628]
positions:	0.214482885	0.984884344	0.873766644	-0.365204629	1.077875102	-0.2767900375523594]
positions:	0.232356459	0.99859929	0.918946151	-0.395638348	1.11853136	-0.2998558740150561]
positions:	0.250230032	1.012314235	0.964125658	-0.426072067	1.159187618	-0.3229217104777527]
positions:	0.268103606	1.02602918	1.009305165	-0.456505786	1.199843877	-0.3459875469404493]
positions:	0.28597718	1.039744126	1.054484672	-0.486939505	1.240500135	-0.3690533834031459]
positions:	0.303850754	1.053459071	1.09966418	-0.517373224	1.281156394	-0.3921192198658425]
positions:	0.321724327	1.067174017	1.144843687	-0.547806943	1.321812652	-0.4151850563285392]
positions:	0.339597901	1.080888962	1.190023194	-0.578240662	1.362468911	-0.4382508927912358]
positions:	0.357471475	1.094603907	1.235202701	-0.608674381	1.403125169	-0.4613167292539324]
positions:	0.375345049	1.108318853	1.280382208	-0.6391081	1.443781428	-0.484382565716629]
positions:	0.393218622	1.122033798	1.325561715	-0.669541819	1.484437686	-0.5074484021793256]
positions:	0.411092196	1.135748743	1.370741223	-0.699975538	1.525093945	-0.5305142386420223]
positions:	0.42896577	1.149463689	1.41592073	-0.730409257	1.565750203	-0.5535800751047188]
positions:	0.446839343	1.163178634	1.461100237	-0.760842976	1.606406462	-0.5766459115674156]
positions:	0.464712917	1.176893579	1.506279744	-0.791276695	1.64706272	-0.5997117480301122]
positions:	0.482586491	1.190608525	1.551459251	-0.821710414	1.687718979	-0.6227775844928088]
positions:	0.500460065	1.20432347	1.596638758	-0.852144133	1.728375237	-0.6458434209555054]
positions:	0.518333638	1.218038416	1.641818266	-0.882577852	1.769031495	-0.6689092574182021]
positions:	0.536207212	1.231753361	1.686997773	-0.913011571	1.809687754	-0.6919750938808986]
positions:	0.554080786	1.245468306	1.73217728	-0.94344529	1.850344012	-0.7150409303435953]
positions:	0.57195436	1.259183252	1.777356787	-0.973879009	1.891000271	-0.7381067668062918]
positions:	0.589827933	1.272898197	1.822536294	-1.004312728	1.931656529	-0.7611726032689885]
positions:	0.607701507	1.286613142	1.867715801	-1.034746448	1.972312788	-0.784238439731685]
positions:	0.625575081	1.300328088	1.912895308	-1.065180167	2.012969046	-0.8073042761943818]
positions:	0.643448655	1.314043033	1.958074816	-1.095613886	2.053625305	-0.8303701126570784]
positions:	0.661322228	1.327757978	2.003254323	-1.126047605	2.094281563	-0.853435949119775]
positions:	0.679195802	1.341472924	2.04843383	-1.156481324	2.134937822	-0.8765017855824716]
positions:	0.697069376	1.355187869	2.093613337	-1.186915043	2.17559408	-0.8995676220451683]
positions:	0.71494295	1.368902815	2.138792844	-1.217348762	2.216250339	-0.9226334585078648]
positions:	0.732816523	1.38261776	2.183972351	-1.247782481	2.256906597	-0.9456992949705615]
positions:	0.750690097	1.396332705	2.229151859	-1.2782162	2.297562855	-0.968765131433258]
positions:	0.768563671	1.410047651	2.274331366	-1.308649919	2.338219114	-0.9918309678959547]
positions:	0.786437244	1.423762596	2.319510873	-1.339083638	2.378875372	-1.0148968043586513]
positions:	0.804310818	1.437477541	2.36469038	-1.369517357	2.419531631	-1.037962640821348]
positions:	0.822184392	1.451192487	2.409869887	-1.399951076	2.460187889	-1.0610284772840446]
positions:	0.840057966	1.464907432	2.455049394	-1.430384795	2.500844148	-1.0840943137467411]
positions:	0.857931539	1.478622377	2.500228902	-1.460818514	2.541500406	-1.1071601502094377]
positions:	0.875805113	1.492337323	2.545408409	-1.491252233	2.582156665	-1.1302259866721345]
positions:	0.893678687	1.506052268	2.590587916	-1.521685952	2.622812923	-1.1532918231348313]
positions:	0.911552261	1.519767214	2.635767423	-1.552119671	2.663469182	-1.1763576595975276]
positions:	0.929425834	1.533482159	2.68094693	-1.58255339	2.70412544	-1.1994234960602244]
positions:	0.947299408	1.547197104	2.726126437	-1.612987109	2.744781699	-1.222489332522921]
positions:	0.965172982	1.56091205	2.771305945	-1.643420828	2.785437957	-1.2455551689856177]
positions:	0.983046556	1.574626995	2.816485452	-1.673854547	2.826094216	-1.268621005448314]
positions:	1.000920129	1.58834194	2.861664959	-1.704288267	2.866750474	-1.2916868419110108]
positions:	1.018793703	1.602056886	2.906844466	-1.734721986	2.907406732	-1.3147526783737074]
positions:	1.036667277	1.615771831	2.952023973	-1.765155705	2.948062991	-1.3378185148364041]
positions:	1.054540851	1.629486776	2.99720348	-1.795589424	2.988719249	-1.3608843512991005]
positions:	1.072414424	1.643201722	3.042382987	-1.826023143	3.029375508	-1.3839501877617972]
positions:	1.090287998	1.656916667	3.087562495	-1.856456862	3.070031766	-1.407016024224494]
positions:	1.108161572	1.670631613	3.132742002	-1.886890581	3.110688025	-1.4300818606871906]
positions:	1.126035146	1.684346558	3.177921509	-1.9173243	3.151344283	-1.4531476971498871]
positions:	1.143908719	1.698061503	3.223101016	-1.947758019	3.192000542	-1.4762135336125837]
positions:	1.161782293	1.711776449	3.268280523	-1.978191738	3.2326568	-1.4992793700752804]
positions:	1.179655867	1.725491394	3.31346003	-2.008625457	3.273313059	-1.522345206537977]
positions:	1.19752944	1.739206339	3.358639538	-2.039059176	3.313969317	-1.5454110430006736]
positions:	1.215403014	1.752921285	3.403819045	-2.069492895	3.354625576	-1.56847687946337]
positions:	1.233276588	1.76663623	3.448998552	-2.099926614	3.395281834	-1.5915427159260669]
positions:	1.251150162	1.780351175	3.494178059	-2.130360333	3.435938092	-1.6146085523887637]
positions:	1.269023735	1.794066121	3.539357566	-2.160794052	3.476594351	-1.63767438885146]
positions:	1.286897309	1.807781066	3.584537073	-2.191227771	3.517250609	-1.6607402253141568]
positions:	1.304770883	1.821496012	3.629716581	-2.22166149	3.557906868	-1.6838060617768533]
positions:	1.322644457	1.835210957	3.674896088	-2.252095209	3.598563126	-1.70687189823955]
positions:	1.34051803	1.848925902	3.720075595	-2.282528928	3.639219385	-1.7299377347022464]
positions:	1.358391604	1.862640848	3.765255102	-2.312962647	3.679875643	-1.7530035711649432]
positions:	1.376265178	1.876355793	3.810434609	-2.343396366	3.720531902	-1.7760694076276398]
positions:	1.394138752	1.890070738	3.855614116	-2.373830086	3.76118816	-1.7991352440903365]
positions:	1.412012325	1.903785684	3.900793624	-2.404263805	3.801844419	-1.8222010805530329]
positions:	1.429885899	1.917500629	3.945973131	-2.434697524	3.842500677	-1.8452669170157296]
positions:	1.447759473	1.931215574	3.991152638	-2.465131243	3.883156936	-1.8683327534784264]
positions:	1.465633047	1.94493052	4.036332145	-2.495564962	3.923813194	-1.891398589941123]
positions:	1.48350662	1.958645465	4.081511652	-2.525998681	3.964469453	-1.9144644264038195]
positions:	1.501380194	1.972360411	4.126691159	-2.5564324	4.005125711	-1.937530262866516]
positions:	1.519253768	1.986075356	4.171870666	-2.586866119	4.045781969	-1.9605960993292129]
positions:	1.537127341	1.999790301	4.217050174	-2.617299838	4.086438228	-1.9836619357919094]
positions:	1.555000915	2.013505247	4.262229681	-2.647733557	4.127094486	-2.0067277722546057]
positions:	1.572874489	2.027220192	4.307409188	-2.678167276	4.167750745	-2.0297936087173025]
positions:	1.590748063	2.040935137	4.352588695	-2.708600995	4.208407003	-2.0528594451799993]
positions:	0	0.820305	0.3316	0	0.59	0.0]
positions:	0	0.820305	0.331612558	0	0.59	0.0]
positions:	0.017873823	0.834019748	0.376792148	-0.030434335	0.630655097	-0.02306616308755357]
positions:	0.035747646	0.847734496	0.421971738	-0.060868671	0.671310193	-0.04613232617510714]
positions:	0.053621469	0.861449243	0.467151328	-0.091303006	0.71196529	-0.06919848926266071]
positions:	0.071495292	0.875163991	0.512330918	-0.121737342	0.752620386	-0.09226465235021428]
positions:	0.089369115	0.888878739	0.557510508	-0.152171677	0.793275483	-0.11533081543776785]
positions:	0.107242937	0.902593487	0.602690098	-0.182606012	0.83393058	-0.13839697852532143]
positions:	0.12511676	0.916308235	0.647869688	-0.213040348	0.874585676	-0.16146314161287498]
positions:	0.142990583	0.930022983	0.693049277	-0.243474683	0.915240773	-0.18452930470042855]
positions:	0.160864406	0.94373773	0.738228867	-0.273909018	0.95589587	-0.20759546778798213]
positions:	0.178738229	0.957452478	0.783408457	-0.304343354	0.996550966	-0.2306616308755357]
positions:	0.196612052	0.971167226	0.828588047	-0.334777689	1.037206063	-0.25372779396308925]
positions:	0.214485875	0.984881974	0.873767637	-0.365212025	1.077861159	-0.27679395705064286]
positions:	0.232359698	0.998596722	0.918947227	-0.39564636	1.118516256	-0.2998601201381964]
positions:	0.250233521	1.01231147	0.964126817	-0.426080695	1.159171353	-0.32292628322574995]
positions:	0.268107344	1.026026217	1.009306407	-0.456515031	1.199826449	-0.34599244631330356]
positions:	0.285981166	1.039740965	1.054485997	-0.486949366	1.240481546	-0.3690586094008571]
positions:	0.303854989	1.053455713	1.099665587	-0.517383702	1.281136642	-0.39212477248841066]
positions:	0.321728812	1.067170461	1.144845177	-0.547818037	1.321791739	-0.41519093557596426]
positions:	0.339602635	1.080885209	1.190024767	-0.578252372	1.362446836	-0.4382570986635178]
positions:	0.357476458	1.094599956	1.235204357	-0.608686708	1.403101932	-0.4613232617510714]
positions:	0.375350281	1.108314704	1.280383947	-0.639121043	1.443757029	-0.48438942483862496]
positions:	0.393224104	1.122029452	1.325563537	-0.669555378	1.484412126	-0.5074555879261785]
positions:	0.411097927	1.1357442	1.370743127	-0.699989714	1.525067222	-0.5305217510137321]
positions:	0.42897175	1.149458948	1.415922717	-0.730424049	1.565722319	-0.5535879141012857]
positions:	0.446845573	1.163173696	1.461102307	-0.760858385	1.606377415	-0.5766540771888393]
positions:	0.464719396	1.176888443	1.506281897	-0.79129272	1.647032512	-0.5997202402763928]
positions:	0.482593218	1.190603191	1.551461486	-0.821727055	1.687687609	-0.6227864033639464]
positions:	0.500467041	1.204317939	1.596641076	-0.852161391	1.728342705	-0.6458525664514999]
positions:	0.518340864	1.218032687	1.641820666	-0.882595726	1.768997802	-0.6689187295390536]
positions:	0.536214687	1.231747435	1.687000256	-0.913030061	1.809652898	-0.6919848926266071]
positions:	0.55408851	1.245462183	1.732179846	-0.943464397	1.850307995	-0.7150510557141607]
positions:	0.571962333	1.25917693	1.777359436	-0.973898732	1.890963092	-0.7381172188017142]
positions:	0.589836156	1.272891678	1.822539026	-1.004333068	1.931618188	-0.7611833818892678]
positions:	0.607709979	1.286606426	1.867718616	-1.034767403	1.972273285	-0.7842495449768213]
positions:	0.625583802	1.300321174	1.912898206	-1.065201738	2.012928381	-0.807315708064375]
positions:	0.643457625	1.314035922	1.958077796	-1.095636074	2.053583478	-0.8303818711519285]
positions:	0.661331447	1.327750669	2.003257386	-1.126070409	2.094238575	-0.8534480342394821]
positions:	0.67920527	1.341465417	2.048436976	-1.156504745	2.134893671	-0.8765141973270356]
positions:	0.697079093	1.355180165	2.093616566	-1.18693908	2.175548768	-0.8995803604145892]
positions:	0.714952916	1.368894913	2.138796156	-1.217373415	2.216203865	-0.9226465235021428]
positions:	0.732826739	1.382609661	2.183975746	-1.247807751	2.256858961	-0.9457126865896964]
positions:	0.750700562	1.396324409	2.229155336	-1.278242086	2.297514058	-0.9687788496772499]
positions:	0.768574385	1.410039156	2.274334926	-1.308676421	2.338169154	-0.9918450127648035]
positions:	0.786448208	1.423753904	2.319514516	-1.339110757	2.378824251	-1.014911175852357]
positions:	0.804322031	1.437468652	2.364694106	-1.369545092	2.419479348	-1.0379773389399107]
positions:	0.822195854	1.4511834	2.409873696	-1.399979428	2.460134444	-1.0610435020274642]
positions:	0.840069677	1.464898148	2.455053285	-1.430413763	2.500789541	-1.0841096651150177]
positions:	0.857943499	1.478612896	2.500232875	-1.460848098	2.541444637	-1.1071758282025714]
positions:	0.875817322	1.492327643	2.545412465	-1.491282434	2.582099734	-1.130241991290125]
positions:	0.893691145	1.506042391	2.590592055	-1.521716769	2.622754831	-1.1533081543776786]
positions:	0.911564968	1.519757139	2.635771645	-1.552151105	2.663409927	-1.176374317465232]
positions:	0.929438791	1.533471887	2.680951235	-1.58258544	2.704065024	-1.1994404805527856]
positions:	0.947312614	1.547186635	2.726130825	-1.613019775	2.744720121	-1.2225066436403393]
positions:	0.965186437	1.560901382	2.771310415	-1.643454111	2.785375217	-1.2455728067278928]
positions:	0.98306026	1.57461613	2.816490005	-1.673888446	2.826030314	-1.2686389698154463]
positions:	1.000934083	1.588330878	2.861669595	-1.704322781	2.86668541	-1.2917051329029998]
positions:	1.018807906	1.602045626	2.906849185	-1.734757117	2.907340507	-1.3147712959905535]
positions:	1.036681728	1.615760374	2.952028775	-1.765191452	2.947995604	-1.3378374590781072]
positions:	1.054555551	1.629475122	2.997208365	-1.795625788	2.9886507	-1.3609036221656605]
positions:	1.072429374	1.643189869	3.042387955	-1.826060123	3.029305797	-1.3839697852532142]
positions:	1.090303197	1.656904617	3.087567545	-1.856494458	3.069960893	-1.4070359483407677]
positions:	1.10817702	1.670619365	3.132747135	-1.886928794	3.11061599	-1.4301021114283214]
positions:	1.126050843	1.684334113	3.177926725	-1.917363129	3.151271087	-1.453168274515875]
positions:	1.143924666	1.698048861	3.223106315	-1.947797465	3.191926183	-1.4762344376034284]
positions:	1.161798489	1.711763609	3.268285905	-1.9782318	3.23258128	-1.4993006006909821]
positions:	1.179672312	1.725478356	3.313465494	-2.008666135	3.273236377	-1.5223667637785356]
positions:	1.197546135	1.739193104	3.358645084	-2.039100471	3.313891473	-1.5454329268660891]
positions:	1.215419958	1.752907852	3.403824674	-2.069534806	3.35454657	-1.5684990899536426]
positions:	1.23329378	1.7666226	3.449004264	-2.099969141	3.395201666	-1.5915652530411963]
positions:	1.251167603	1.780337348	3.494183854	-2.130403477	3.435856763	-1.61463141612875]
positions:	1.269041426	1.794052095	3.539363444	-2.160837812	3.47651186	-1.6376975792163033]
positions:	1.286915249	1.807766843	3.584543034	-2.191272148	3.517166956	-1.660763742303857]
positions:	1.304789072	1.821481591	3.629722624	-2.221706483	3.557822053	-1.6838299053914105]
positions:	1.322662895	1.835196339	3.674902214	-2.252140818	3.598477149	-1.7068960684789642]
positions:	1.340536718	1.848911087	3.720081804	-2.282575154	3.639132246	-1.7299622315665177]
positions:	1.358410541	1.862625835	3.765261394	-2.313009489	3.679787343	-1.7530283946540712]
positions:	1.376284364	1.876340582	3.810440984	-2.343443825	3.720442439	-1.776094557741625]
positions:	1.394158187	1.89005533	3.855620574	-2.37387816	3.761097536	-1.7991607208291784]
positions:	1.412032009	1.903770078	3.900800164	-2.404312495	3.801752633	-1.822226883916732]
positions:	1.429905832	1.917484826	3.945979754	-2.434746831	3.842407729	-1.8452930470042856]
positions:	1.447779655	1.931199574	3.991159344	-2.465181166	3.883062826	-1.8683592100918391]
positions:	1.465653478	1.944914322	4.036338934	-2.495615501	3.923717922	-1.8914253731793929]
positions:	1.483527301	1.958629069	4.081518524	-2.526049837	3.964373019	-1.9144915362669461]
positions:	1.501401124	1.972343817	4.126698114	-2.556484172	4.005028116	-1.9375576993544998]
positions:	1.519274947	1.986058565	4.171877703	-2.586918508	4.045683212	-1.9606238624420536]
positions:	1.53714877	1.999773313	4.217057293	-2.617352843	4.086338309	-1.983690025529607]
positions:	1.555022593	2.013488061	4.262236883	-2.647787178	4.126993405	-2.0067561886171603]
positions:	1.572896416	2.027202808	4.307416473	-2.678221514	4.167648502	-2.029822351704714]
positions:	1.590770239	2.040917556	4.352596063	-2.708655849	4.208303599	-2.0528885147922677]
