0	0.820305	0.3316	0	0.59	0.0]
0	0.820305	0.331612558	0	0.59	0.0]
0.007431586	0.866353762	0.343722202	-0.013760569	0.641078102	-0.03981177515515587]
0.014863172	0.912402524	0.355831847	-0.027521138	0.692156204	-0.07962355031031174]
0.022294758	0.958451286	0.367941491	-0.041281707	0.743234306	-0.11943532546546759]
0.029726344	1.004500047	0.380051136	-0.055042275	0.794312408	-0.15924710062062347]
0.03715793	1.050548809	0.39216078	-0.068802844	0.84539051	-0.1990588757757793]
0.044589515	1.096597571	0.404270425	-0.082563413	0.896468612	-0.23887065093093518]
0.052021101	1.142646333	0.41638007	-0.096323982	0.947546714	-0.27868242608609106]
0.059452687	1.188695095	0.428489714	-0.110084551	0.998624816	-0.31849420124124694]
0.066884273	1.234743857	0.440599359	-0.12384512	1.049702918	-0.35830597639640277]
0.074315859	1.280792619	0.452709003	-0.137605689	1.10078102	-0.3981177515515586]
0.081747445	1.32684138	0.464818648	-0.151366257	1.151859122	-0.4379295267067145]
0.089179031	1.372890142	0.476928292	-0.165126826	1.202937224	-0.47774130186187036]
0.096610617	1.418938904	0.489037937	-0.178887395	1.254015326	-0.5175530770170262]
0.104042203	1.464987666	0.501147581	-0.192647964	1.305093428	-0.5573648521721821]
0.111473789	1.511036428	0.513257226	-0.206408533	1.356171531	-0.597176627327338]
0.118905374	1.55708519	0.52536687	-0.220169102	1.407249633	-0.6369884024824939]
0.12633696	1.603133952	0.537476515	-0.233929671	1.458327735	-0.6768001776376497]
0.133768546	1.649182713	0.549586159	-0.247690239	1.509405837	-0.7166119527928055]
0.141200132	1.695231475	0.561695804	-0.261450808	1.560483939	-0.7564237279479614]
0.148631718	1.741280237	0.573805448	-0.275211377	1.611562041	-0.7962355031031172]
0.156063304	1.787328999	0.585915093	-0.288971946	1.662640143	-0.8360472782582731]
0.16349489	1.833377761	0.598024737	-0.302732515	1.713718245	-0.875859053413429]
0.170926476	1.879426523	0.610134382	-0.316493084	1.764796347	-0.9156708285685848]
0.178358062	1.925475284	0.622244026	-0.330253653	1.815874449	-0.9554826037237407]
0.185789648	1.971524046	0.634353671	-0.344014222	1.866952551	-0.9952943788788966]
0.193221233	2.017572808	0.646463315	-0.35777479	1.918030653	-1.0351061540340525]
0.200652819	2.06362157	0.65857296	-0.371535359	1.969108755	-1.0749179291892084]
0.208084405	2.109670332	0.670682604	-0.385295928	2.020186857	-1.1147297043443642]
0.215515991	2.155719094	0.682792249	-0.399056497	2.071264959	-1.1545414794995201]
0.222947577	2.201767856	0.694901894	-0.412817066	2.122343061	-1.194353254654676]
0.230379163	2.247816617	0.707011538	-0.426577635	2.173421163	-1.234165029809832]
0.237810749	2.293865379	0.719121183	-0.440338204	2.224499265	-1.2739768049649878]
0.245242335	2.339914141	0.731230827	-0.454098772	2.275577367	-1.3137885801201434]
0.252673921	2.385962903	0.743340472	-0.467859341	2.326655469	-1.3536003552752993]
0.260105507	2.432011665	0.755450116	-0.48161991	2.377733571	-1.3934121304304552]
0.267537093	2.478060427	0.767559761	-0.495380479	2.428811673	-1.433223905585611]
0.274968678	2.524109189	0.779669405	-0.509141048	2.479889775	-1.473035680740767]
0.282400264	2.57015795	0.79177905	-0.522901617	2.530967877	-1.5128474558959228]
0.28983185	2.616206712	0.803888694	-0.536662186	2.582045979	-1.5526592310510785]
0.297263436	2.662255474	0.815998339	-0.550422754	2.633124081	-1.5924710062062344]
0.304695022	2.708304236	0.828107983	-0.564183323	2.684202183	-1.6322827813613903]
0.312126608	2.754352998	0.840217628	-0.577943892	2.735280285	-1.6720945565165461]
0.319558194	2.80040176	0.852327272	-0.591704461	2.786358387	-1.711906331671702]
0.32698978	2.846450522	0.864436917	-0.60546503	2.83743649	-1.751718106826858]
0.334421366	2.892499283	0.876546561	-0.619225599	2.888514592	-1.7915298819820138]
0.341852952	2.938548045	0.888656206	-0.632986168	2.939592694	-1.8313416571371697]
0.349284537	2.984596807	0.90076585	-0.646746736	2.990670796	-1.8711534322923256]
0.356716123	3.030645569	0.912875495	-0.660507305	3.041748898	-1.9109652074474814]
0.364147709	3.076694331	0.924985139	-0.674267874	3.092827	-1.9507769826026373]
0.371579295	3.122743093	0.937094784	-0.688028443	3.143905102	-1.9905887577577932]
0.379010881	3.168791855	0.949204428	-0.701789012	3.194983204	-2.030400532912949]
0.386442467	3.214840616	0.961314073	-0.715549581	3.246061306	-2.070212308068105]
0.393874053	3.260889378	0.973423718	-0.72931015	3.297139408	-2.110024083223261]
0.401305639	3.30693814	0.985533362	-0.743070718	3.34821751	-2.1498358583784167]
0.408737225	3.352986902	0.997643007	-0.756831287	3.399295612	-2.1896476335335726]
0.416168811	3.399035664	1.009752651	-0.770591856	3.450373714	-2.2294594086887285]
0.423600396	3.445084426	1.021862296	-0.784352425	3.501451816	-2.2692711838438844]
0.431031982	3.491133188	1.03397194	-0.798112994	3.552529918	-2.3090829589990403]
0.438463568	3.537181949	1.046081585	-0.811873563	3.60360802	-2.348894734154196]
0.445895154	3.583230711	1.058191229	-0.825634132	3.654686122	-2.388706509309352]
0.45332674	3.629279473	1.070300874	-0.8393947	3.705764224	-2.428518284464508]
0.460758326	3.675328235	1.082410518	-0.853155269	3.756842326	-2.468330059619664]
0.468189912	3.721376997	1.094520163	-0.866915838	3.807920428	-2.5081418347748197]
0.475621498	3.767425759	1.106629807	-0.880676407	3.85899853	-2.5479536099299755]
0.483053084	3.813474521	1.118739452	-0.894436976	3.910076632	-2.587765385085131]
0.49048467	3.859523282	1.130849096	-0.908197545	3.961154734	-2.627577160240287]
0.497916256	3.905572044	1.142958741	-0.921958114	4.012232836	-2.6673889353954428]
0.505347841	3.951620806	1.155068385	-0.935718683	4.063310938	-2.7072007105505986]
0.512779427	3.997669568	1.16717803	-0.949479251	4.11438904	-2.7470124857057545]
0.520211013	4.04371833	1.179287674	-0.96323982	4.165467142	-2.7868242608609104]
0.527642599	4.089767092	1.191397319	-0.977000389	4.216545244	-2.8266360360160663]
0.535074185	4.135815853	1.203506963	-0.990760958	4.267623347	-2.866447811171222]
0.542505771	4.181864615	1.215616608	-1.004521527	4.318701449	-2.906259586326378]
0.549937357	4.227913377	1.227726252	-1.018282096	4.369779551	-2.946071361481534]
0.557368943	4.273962139	1.239835897	-1.032042665	4.420857653	-2.98588313663669]
0.564800529	4.320010901	1.251945542	-1.045803233	4.471935755	-3.0256949117918457]
0.572232115	4.366059663	1.264055186	-1.059563802	4.523013857	-3.0655066869470016]
0	3.14159	3.14159	0	3.14159	0.0]
0.010598575	3.164265834	3.106823223	-0.019624297	3.167170622	-0.05676816848881095]
0.02119715	3.186941669	3.072056445	-0.039248594	3.192751243	-0.1135363369776219]
0.031795725	3.209617503	3.037289668	-0.058872891	3.218331865	-0.17030450546643286]
0.0423943	3.232293338	3.002522891	-0.078497188	3.243912486	-0.2270726739552438]
0.052992875	3.254969172	2.967756113	-0.098121485	3.269493108	-0.2838408424440548]
0.063591451	3.277645007	2.932989336	-0.117745782	3.295073729	-0.3406090109328657]
0.074190026	3.300320841	2.898222559	-0.137370079	3.320654351	-0.39737717942167666]
0.084788601	3.322996676	2.863455781	-0.156994376	3.346234972	-0.4541453479104876]
0.095387176	3.34567251	2.828689004	-0.176618673	3.371815594	-0.5109135163992986]
0.105985751	3.368348344	2.793922226	-0.19624297	3.397396215	-0.5676816848881096]
0.116584326	3.391024179	2.759155449	-0.215867267	3.422976837	-0.6244498533769205]
0.127182901	3.413700013	2.724388672	-0.235491564	3.448557458	-0.6812180218657314]
0.137781476	3.436375848	2.689621894	-0.255115861	3.47413808	-0.7379861903545424]
0.148380051	3.459051682	2.654855117	-0.274740158	3.499718701	-0.7947543588433533]
0.158978626	3.481727517	2.62008834	-0.294364455	3.525299323	-0.8515225273321644]
0.169577201	3.504403351	2.585321562	-0.313988752	3.550879944	-0.9082906958209752]
0.180175777	3.527079185	2.550554785	-0.333613049	3.576460566	-0.9650588643097863]
0.190774352	3.54975502	2.515788008	-0.353237346	3.602041187	-1.0218270327985972]
0.201372927	3.572430854	2.48102123	-0.372861643	3.627621809	-1.0785952012874083]
0.211971502	3.595106689	2.446254453	-0.39248594	3.65320243	-1.135363369776219]
0.222570077	3.617782523	2.411487676	-0.412110237	3.678783052	-1.1921315382650302]
0.233168652	3.640458358	2.376720898	-0.431734534	3.704363673	-1.248899706753841]
0.243767227	3.663134192	2.341954121	-0.451358831	3.729944295	-1.305667875242652]
0.254365802	3.685810027	2.307187344	-0.470983128	3.755524916	-1.3624360437314629]
0.264964377	3.708485861	2.272420566	-0.490607425	3.781105538	-1.419204212220274]
0.275562952	3.731161695	2.237653789	-0.510231722	3.806686159	-1.4759723807090848]
0.286161527	3.75383753	2.202887011	-0.529856019	3.832266781	-1.5327405491978958]
0.296760102	3.776513364	2.168120234	-0.549480316	3.857847402	-1.5895087176867067]
0.307358678	3.799189199	2.133353457	-0.569104613	3.883428024	-1.646276886175518]
0.317957253	3.821865033	2.098586679	-0.58872891	3.909008645	-1.7030450546643288]
0.328555828	3.844540868	2.063819902	-0.608353207	3.934589267	-1.7598132231531396]
0.339154403	3.867216702	2.029053125	-0.627977504	3.960169888	-1.8165813916419504]
0.349752978	3.889892536	1.994286347	-0.647601801	3.98575051	-1.8733495601307617]
0.360351553	3.912568371	1.95951957	-0.667226098	4.011331131	-1.9301177286195725]
0.370950128	3.935244205	1.924752793	-0.686850395	4.036911753	-1.9868858971083834]
0.381548703	3.95792004	1.889986015	-0.706474692	4.062492374	-2.0436540655971944]
0.392147278	3.980595874	1.855219238	-0.726098989	4.088072996	-2.1004222340860057]
0.402745853	4.003271709	1.820452461	-0.745723286	4.113653617	-2.1571904025748165]
0.413344428	4.025947543	1.785685683	-0.765347583	4.139234239	-2.2139585710636274]
0.423943004	4.048623378	1.750918906	-0.78497188	4.16481486	-2.270726739552438]
0.434541579	4.071299212	1.716152129	-0.804596177	4.190395482	-2.3274949080412495]
0.445140154	4.093975046	1.681385351	-0.824220474	4.215976103	-2.3842630765300603]
0.455738729	4.116650881	1.646618574	-0.843844771	4.241556725	-2.441031245018871]
0.466337304	4.139326715	1.611851796	-0.863469068	4.267137346	-2.497799413507682]
0.476935879	4.16200255	1.577085019	-0.883093365	4.292717968	-2.5545675819964933]
0.487534454	4.184678384	1.542318242	-0.902717662	4.318298589	-2.611335750485304]
0.498133029	4.207354219	1.507551464	-0.922341959	4.343879211	-2.668103918974115]
0.508731604	4.230030053	1.472784687	-0.941966256	4.369459832	-2.7248720874629258]
0.519330179	4.252705888	1.43801791	-0.961590553	4.395040454	-2.781640255951737]
0.529928754	4.275381722	1.403251132	-0.98121485	4.420621076	-2.838408424440548]
0.54052733	4.298057556	1.368484355	-1.000839147	4.446201697	-2.8951765929293587]
0.551125905	4.320733391	1.333717578	-1.020463444	4.471782319	-2.9519447614181695]
