          positions: [0.0, 3.1, 0.331613, -1.5, 3.15, 0.0]
          positions: [-0.024910541418492634, 3.0684800988074246, 0.35912837930996444, -1.4371412196677797, 3.1486602817331337, -0.02296279793870341]
          positions: [-0.04982108283698527, 3.0369601976148486, 0.3866437586199289, -1.3742824393355593, 3.1473205634662675, -0.04592559587740682]
          positions: [-0.0747316242554779, 3.005440296422273, 0.41415913792989334, -1.311423659003339, 3.1459808451994014, -0.06888839381611023]
          positions: [-0.09964216567397054, 2.9739203952296975, 0.4416745172398578, -1.2485648786711185, 3.144641126932535, -0.09185119175481364]
          positions: [-0.12455270709246317, 2.942400494037122, 0.46918989654982224, -1.1857060983388983, 3.1433014086656685, -0.11481398969351705]
          positions: [-0.1494632485109558, 2.9108805928445465, 0.49670527585978663, -1.122847318006678, 3.1419616903988024, -0.13777678763222045]
          positions: [-0.17437378992944846, 2.8793606916519705, 0.5242206551697511, -1.0599885376744576, 3.140621972131936, -0.16073958557092388]
          positions: [-0.19928433134794107, 2.847840790459395, 0.5517360344797155, -0.9971297573422373, 3.13928225386507, -0.18370238350962728]
          positions: [-0.22419487276643374, 2.8163208892668194, 0.57925141378968, -0.9342709770100169, 3.137942535598204, -0.2066651814483307]
          positions: [-0.24910541418492635, 2.7848009880742435, 0.6067667930996444, -0.8714121966777966, 3.1366028173313376, -0.2296279793870341]
          positions: [-0.274015955603419, 2.753281086881668, 0.6342821724096089, -0.8085534163455762, 3.1352630990644714, -0.25259077732573754]
          positions: [-0.2989264970219116, 2.7217611856890924, 0.6617975517195733, -0.745694636013356, 3.1339233807976052, -0.2755535752644409]
          positions: [-0.32383703844040423, 2.690241284496517, 0.6893129310295378, -0.6828358556811356, 3.132583662530739, -0.29851637320314434]
          positions: [-0.34874757985889693, 2.658721383303941, 0.7168283103395023, -0.6199770753489152, 3.1312439442638724, -0.32147917114184776]
          positions: [-0.3736581212773895, 2.6272014821113654, 0.7443436896494666, -0.5571182950166949, 3.1299042259970062, -0.3444419690805512]
          positions: [-0.39856866269588215, 2.59568158091879, 0.7718590689594311, -0.4942595146844746, 3.12856450773014, -0.36740476701925456]
          positions: [-0.4234792041143748, 2.5641616797262143, 0.7993744482693956, -0.43140073435225434, 3.127224789463274, -0.39036756495795794]
          positions: [-0.4483897455328675, 2.5326417785336384, 0.8268898275793601, -0.36854195402003387, 3.1258850711964077, -0.4133303628966614]
          positions: [-0.47330028695136006, 2.501121877341063, 0.8544052068893244, -0.3056831736878136, 3.1245453529295415, -0.4362931608353648]
          positions: [-0.4982108283698527, 2.4696019761484873, 0.8819205861992889, -0.24282439335559314, 3.1232056346626753, -0.4592559587740682]
          positions: [-0.5231213697883453, 2.438082074955912, 0.9094359655092534, -0.17996561302337288, 3.121865916395809, -0.4822187567127716]
          positions: [-0.548031911206838, 2.4065621737633363, 0.9369513448192179, -0.11710683269115241, 3.120526198128943, -0.5051815546514751]
          positions: [-0.5729424526253306, 2.3750422725707603, 0.9644667241291822, -0.05424805235893215, 3.1191864798620763, -0.5281443525901784]
          positions: [-0.5978529940438232, 2.3435223713781848, 0.9919821034391467, 0.008610727973288101, 3.11784676159521, -0.5511071505288818]
          positions: [-0.6227635354623159, 2.3120024701856092, 1.0194974827491112, 0.07146950830550836, 3.116507043328344, -0.5740699484675852]
          positions: [-0.6476740768808085, 2.2804825689930337, 1.0470128620590755, 0.13432828863772883, 3.1151673250614778, -0.5970327464062887]
          positions: [-0.6725846182993012, 2.2489626678004577, 1.0745282413690402, 0.1971870689699493, 3.1138276067946116, -0.6199955443449922]
          positions: [-0.6974951597177939, 2.217442766607882, 1.1020436206790045, 0.26004584930216956, 3.1124878885277454, -0.6429583422836955]
          positions: [-0.7224057011362864, 2.1859228654153067, 1.129558999988969, 0.32290462963439004, 3.111148170260879, -0.6659211402223989]
          positions: [-0.747316242554779, 2.154402964222731, 1.1570743792989333, 0.3857634099666103, 3.109808451994013, -0.6888839381611024]
          positions: [-0.7722267839732717, 2.122883063030155, 1.1845897586088978, 0.44862219029883055, 3.108468733727147, -0.7118467360998058]
          positions: [-0.7971373253917643, 2.0913631618375796, 1.2121051379188623, 0.5114809706310508, 3.1071290154602806, -0.7348095340385091]
          positions: [-0.8220478668102569, 2.059843260645004, 1.2396205172288266, 0.5743397509632713, 3.105789297193414, -0.7577723319772125]
          positions: [-0.8469584082287496, 2.028323359452428, 1.267135896538791, 0.6371985312954913, 3.104449578926548, -0.7807351299159159]
          positions: [-0.8718689496472423, 1.9968034582598526, 1.2946512758487556, 0.7000573116277122, 3.1031098606596816, -0.8036979278546195]
          positions: [-0.896779491065735, 1.965283557067277, 1.3221666551587201, 0.7629160919599323, 3.1017701423928155, -0.8266607257933228]
          positions: [-0.9216900324842275, 1.9337636558747013, 1.3496820344686844, 0.8257748722921527, 3.1004304241259493, -0.8496235237320262]
          positions: [-0.9466005739027201, 1.9022437546821258, 1.377197413778649, 0.8886336526243728, 3.099090705859083, -0.8725863216707296]
          positions: [-0.9715111153212128, 1.8707238534895503, 1.4047127930886134, 0.9514924329565932, 3.097750987592217, -0.895549119609433]
          positions: [-0.9964216567397054, 1.8392039522969745, 1.4322281723985777, 1.0143512132888137, 3.0964112693253507, -0.9185119175481364]
          positions: [-1.021332198158198, 1.807684051104399, 1.4597435517085422, 1.0772099936210338, 3.0950715510584845, -0.9414747154868398]
          positions: [-1.0462427395766907, 1.7761641499118233, 1.4872589310185067, 1.1400687739532542, 3.093731832791618, -0.9644375134255432]
          positions: [-1.0711532809951834, 1.7446442487192475, 1.5147743103284712, 1.2029275542854747, 3.0923921145247517, -0.9874003113642467]
          positions: [-1.096063822413676, 1.713124347526672, 1.5422896896384357, 1.2657863346176952, 3.0910523962578855, -1.0103631093029501]
          positions: [-1.1209743638321685, 1.6816044463340962, 1.5698050689484, 1.3286451149499152, 3.0897126779910193, -1.0333259072416534]
          positions: [-1.1458849052506612, 1.6500845451415207, 1.5973204482583645, 1.3915038952821357, 3.088372959724153, -1.056288705180357]
